0.761881411075592
0.7357520461082458
0.7060276865959167
0.6715871691703796
0.6304826140403748
0.5791109204292297
0.5109914541244507
0.4203326404094696
0.3221195340156555
0.23259280622005463
0.16169287264347076
0.11959627270698547
0.08797550946474075
0.06441820412874222
0.04692851006984711
0.03402247652411461
0.024548331275582314
0.017628056928515434
0.012597489170730114
0.00895814597606659
0.006337938830256462
0.004460708238184452
0.0031242675613611937
0.0022069739643484354
0.0021077417768538
0.012304337695240974
0.2174167037010193
0.7482333183288574
0.862459659576416
0.8898460865020752
0.8975548148155212
0.8992015719413757
0.8981308937072754
0.8952592611312866
0.8908568024635315
0.8850065469741821
0.8777349591255188
0.8690507411956787
0.8589563965797424
0.8474528789520264
0.8345402479171753
0.820216178894043
0.8044708371162415
0.7872810363769531
0.768602192401886
0.7483574151992798
0.7264174222946167
0.7025614380836487
0.6763911843299866
0.647111713886261
0.6128639578819275
0.5686177015304565
0.5010688304901123
0.393993079662323
0.2762228548526764
0.17673270404338837
0.12499824911355972
0.09634897857904434
0.07800842821598053
0.06396324932575226
0.0520106665790081
0.041866544634103775
0.033430229872465134
0.026541784405708313
0.020992090925574303
0.016562627628445625
0.013050929643213749
0.010279576294124126
0.008098963648080826
0.006386119872331619
0.005041846539825201
0.003986849915236235
0.003158368170261383
0.0025069976691156626
0.001994009595364332
0.001589189749211073
0.0012690124567598104
0.001015175017528236
0.0008134368108585477
0.0006527079967781901
0.0005243434570729733
0.0004215917724650353
0.0003391700447537005
0.00027294736355543137
0.0002198841393692419
0.00018089542572852224
0.00021464293240569532
0.0014661974273622036
0.026885271072387695
0.7054478526115417
0.9728192687034607
0.9900215864181519
0.9987125992774963
1.0063059329986572
1.0129297971725464
1.0181872844696045
1.0218209028244019
1.0237032175064087
1.0237748622894287
1.0220078229904175
1.0183870792388916
1.0129029750823975
1.0055464506149292
0.9963064789772034
0.985167920589447
0.9721097350120544
0.957102358341217
0.9401047825813293
0.9210609197616577
0.8998932838439941
0.8764946460723877
0.8507147431373596
0.8223376274108887
0.7910447120666504
0.7563449740409851
0.7174378633499146
0.6729184985160828
0.6200650334358215
0.5529218316078186
0.4596106708049774
0.34234392642974854
0.22948873043060303
0.14486227929592133
0.09579991549253464
0.06270468235015869
0.04081524908542633
0.026491554453969002
0.01718204654753208
0.011311806738376617
0.010505127720534801
0.0643940344452858
0.5739584565162659
0.8042537569999695
0.8499961495399475
0.8566338419914246
0.8534935712814331
0.8490287661552429
0.8426837921142578
0.8337743878364563
0.8223305940628052
0.8085275292396545
0.7925193309783936
0.7743971943855286
0.7541723251342773
0.7317515015602112
0.7068770527839661
0.6789502501487732
0.6464635729789734
0.6053364872932434
0.5458276867866516
0.45244815945625305
0.3351547122001648
0.22877661883831024
0.15069915354251862
0.10865120589733124
0.07750188559293747
0.055240925401449203
0.039285723119974136
0.027841167524456978
0.0196299459785223
0.013741928152740002
0.00953451357781887
0.006553072482347488
0.004464765079319477
0.003019708674401045
0.002030901610851288
0.0013610407477244735
0.000911696522962302
0.0006143590435385704
0.00042426231084391475
0.00032045802799984813
0.00032813838333822787
0.000643545703496784
0.0022959113121032715
0.010725697502493858
0.05478505417704582
0.2791197597980499
0.49999675154685974
0.5432562232017517
0.5201939940452576
0.4755837321281433
0.4244728088378906
0.3761373460292816
0.3338690996170044
0.297443687915802
0.2658698558807373
0.23863567411899567
0.21469129621982574
0.19366267323493958
0.17563065886497498
0.15743117034435272
0.1457194685935974
0.1314704716205597
0.11887402832508087
0.10659091174602509
0.09572699666023254
0.08519124984741211
0.07596591114997864
0.06788162887096405
0.06206442415714264
0.06254953145980835
0.07694792747497559
0.08987586945295334
0.07460568845272064
0.05534118786454201
0.04111354053020477
0.03113878145813942
0.02404363825917244
0.018864255398511887
0.014981438405811787
0.012000545859336853
0.009669026359915733
0.007819732651114464
0.006338723469525576
0.005145102273672819
0.004179011564701796
0.0033948153723031282
0.002756980247795582
0.0022374880500137806
0.0018140091560781002
0.0014686472713947296
0.0011869847076013684
0.0009573590941727161
0.0007703089504502714
0.0006181332864798605
0.0004945541149936616
0.00039474430377595127
0.00032158527756109834
0.0004273817175999284
0.004197562113404274
0.09375585615634918
0.7050098776817322
0.8849706649780273
0.9318991303443909
0.9552667140960693
0.9723000526428223
0.986449122428894
0.9984546303749084
1.0084881782531738
1.0166090726852417
1.0228568315505981
1.027268886566162
1.0298823118209839
1.0307332277297974
1.0298572778701782
1.0272884368896484
1.0230602025985718
1.0172048807144165
1.0097538232803345
1.0007374286651611
0.9901853203773499
0.9781256318092346
0.9645861983299255
0.9495936036109924
0.9331732988357544
0.9153485894203186
0.8961390852928162
0.8755530118942261
0.8535700440406799
0.8301063179969788
0.804953396320343
0.7776830196380615
0.7475004196166992
0.7130085825920105
0.6717905402183533
0.6195765137672424
0.5484612584114075
0.44658294320106506
0.325888991355896
0.21770060062408447
0.14350008964538574
0.09843482077121735
0.06733976304531097
0.045778367668390274
0.03098755143582821
0.021563688293099403
0.030718741938471794
0.3748417794704437
0.7881498336791992
0.862115204334259
0.8724963068962097
0.8667869567871094
0.8556734919548035
0.8421762585639954
0.8272408246994019
0.8111751079559326
0.7940826416015625
0.7760013937950134
0.7569489479064941
0.7369368672370911
0.7159750461578369
0.6940723657608032
0.6712375283241272
0.6474790573120117
0.6227935552597046
0.5970615744590759
0.5698216557502747
0.5397571325302124
0.5030543804168701
0.44738954305648804
0.3547171652317047
0.2472500056028366
0.14672663807868958
0.09925132244825363
0.06726040691137314
0.04569759592413902
0.031133612617850304
0.02127181738615036
0.014576575718820095
0.010018724016845226
0.006907126400619745
0.004776638466864824
0.003313523018732667
0.002305657835677266
0.001609252649359405
0.0011265685316175222
0.0007909830310381949
0.0005569529021158814
0.00039325570105575025
0.0002785031101666391
0.00019977330521214753
0.000188249527127482
0.0011478416854515672
0.023297306150197983
0.44313210248947144
0.8226356506347656
0.894070029258728
0.913539469242096
0.9209243059158325
0.9242143630981445
0.9253715872764587
0.9249407649040222
0.9230854511260986
0.9198610782623291
0.9152899980545044
0.9093834757804871
0.9021497964859009
0.8935973048210144
0.8837350606918335
0.8725727796554565
0.8601207137107849
0.8463888764381409
0.8313871026039124
0.8151242136955261
0.797607958316803
0.778843879699707
0.7588350176811218
0.7375800609588623
0.7150709629058838
0.6912880539894104
0.6661877036094666
0.6396567225456238
0.6112986207008362
0.5796278715133667
0.5388968586921692
0.4682605564594269
0.3486047685146332
0.22331108152866364
0.13589662313461304
0.09019546955823898
0.05994776263833046
0.039893101900815964
0.02657073177397251
0.017708512023091316
0.011807217262685299
0.007874727249145508
0.005252877715975046
0.0035054851323366165
0.002367102773860097
0.0021779544185847044
0.013987488113343716
0.2779746353626251
0.7889440655708313
0.8945372700691223
0.9168202877044678
0.9188048839569092
0.9139404296875
0.9059048295021057
0.8959205746650696
0.8844446539878845
0.8716620206832886
0.857653796672821
0.8424592614173889
0.8261002898216248
0.8085915446281433
0.789944589138031
0.7701699137687683
0.7492775321006775
0.7272771000862122
0.704178512096405
0.679989755153656
0.6547117233276367
0.6283012628555298
0.6004736423492432
0.5700788497924805
0.5329727530479431
0.474607914686203
0.37313035130500793
0.2549532651901245
0.14885517954826355
0.09811258316040039
0.0635056272149086
0.040981192141771317
0.026423782110214233
0.017039354890584946
0.01099439524114132
0.0071000996977090836
0.004589809570461512
0.0029702617321163416
0.0019243420101702213
0.0012481965823099017
0.0008110680500976741
0.0005327186663635075
0.00040664177504368126
0.001001042197458446
0.01079584751278162
0.16126307845115662
0.849008321762085
0.9454549551010132
0.9502872824668884
0.9433808922767639
0.9331235289573669
0.9213861227035522
0.9086454510688782
0.8949922323226929
0.8804126977920532
0.8648632168769836
0.8482825756072998
0.8305858373641968
0.811651349067688
0.7913017868995667
0.7692798376083374
0.7452148795127869
0.7185660600662231
0.6885131597518921
0.6537393927574158
0.611971914768219
0.5590073466300964
0.4876594543457031
0.39500465989112854
0.2989116311073303
0.2120606154203415
0.1480523943901062
0.1084996685385704
0.07861603796482086
0.05645765736699104
0.040177423506975174
0.028326256200671196
0.01978876441717148
0.013706352561712265
0.009420700371265411
0.006431833375245333
0.004366131033748388
0.002949472749605775
0.0019842665642499924
0.001330255763605237
0.0008891521720215678
0.0005928041064180434
0.0003943643532693386
0.0002618601138237864
0.00017362322250846773
0.00011555773380678147
8.931222691899166e-05
0.00033164522028528154
0.006068299990147352
0.13290941715240479
0.7271015644073486
0.8764727115631104
0.9128865003585815
0.9266142845153809
0.9338144063949585
0.9382198452949524
0.9408285617828369
0.941932737827301
0.9416241645812988
0.9399380087852478
0.9368941187858582
0.9325090646743774
0.9267981648445129
0.9197770357131958
0.9114611148834229
0.9018656015396118
0.8910056948661804
0.8788962960243225
0.8655520677566528
0.8509871363639832
0.8352133631706238
0.8182364106178284
0.8000413179397583
0.7805598974227905
0.7595983147621155
0.7367076873779297
0.7109819054603577
0.6807763576507568
0.6433385014533997
0.5943090319633484
0.5272656083106995
0.4369063079357147
0.33701568841934204
0.24674469232559204
0.17503534257411957
0.13022184371948242
0.09748800843954086
0.0733543410897255
0.05507482588291168
0.04130192846059799
0.03095274604856968
0.023177150636911392
0.017344260588288307
0.013122755102813244
0.013493441045284271
0.09709799289703369
0.684214174747467
0.8548797965049744
0.8871073722839355
0.8908185958862305
0.88592928647995
0.8775283098220825
0.8671168684959412
0.8551737666130066
0.8418598175048828
0.8272321224212646
0.8113112449645996
0.7941020131111145
0.7756010293960571
0.7558010816574097
0.7346940040588379
0.712271511554718
0.6885214447975159
0.6634176969528198
0.6368899941444397
0.6086723804473877
0.5777215361595154
0.5403611660003662
0.4837318956851959
0.3847803771495819
0.2665179669857025
0.15868031978607178
0.10485181957483292
0.06920049339532852
0.04548652097582817
0.029804574325680733
0.01948302797973156
0.012713189236819744
0.008284424431622028
0.005392851773649454
0.0035077445209026337
0.002280193381011486
0.0014815372414886951
0.0009622767684049904
0.0006248460849747062
0.0004056603938806802
0.0002633256372064352
0.00017091803601942956
0.00011096728849224746
7.277961412910372e-05
6.330250471364707e-05
0.0003826772153843194
0.0075743659399449825
0.16183292865753174
0.746654212474823
0.8778650164604187
0.9094659686088562
0.9225477576255798
0.9309033155441284
0.9363477230072021
0.9393796324729919
0.9403377175331116
0.9394556879997253
0.9368914365768433
0.9327527284622192
0.9271145462989807
0.9200316071510315
0.9115450382232666
0.9016879200935364
0.8904874920845032
0.877967119216919
0.8641477823257446
0.8490482568740845
0.8326862454414368
0.8150777220726013
0.7962365746498108
0.7761703133583069
0.7548673748970032
0.7322598099708557
0.7081263661384583
0.6818796396255493
0.6521371603012085
0.6159085035324097
0.567125678062439
0.49508538842201233
0.3940368890762329
0.28826069831848145
0.19645969569683075
0.13693144917488098
0.09780076891183853
0.06951810419559479
0.04897273704409599
0.03421320021152496
0.023725878447294235
0.016358187422156334
0.01123769674450159
0.007725918665528297
0.005560744553804398
0.009028804488480091
0.12633956968784332
0.725304126739502
0.866197407245636
0.8904543519020081
0.8898656964302063
0.8814976811408997
0.8698199987411499
0.8562546968460083
0.8412938117980957
0.8251065015792847
0.8077377676963806
0.7891747355461121
0.7693665623664856
0.7482240200042725
0.7256065011024475
0.7012883424758911
0.6748891472816467
0.6457072496414185
0.6122711896896362
0.5710962414741516
0.5138977766036987
0.4277622401714325
0.3234331011772156
0.2238912582397461
0.1479652225971222
0.1053200289607048
0.07430833578109741
0.05213773995637894
0.03639596328139305
0.025293221697211266
0.017510725185275078
0.012085330672562122
0.008321007713675499
0.005719374865293503
0.00392689136788249
0.0026948063168674707
0.0018493266543373466
0.0012697443598881364
0.0008726220112293959
0.0006005049799568951
0.00041394654545001686
0.0002859235682990402
0.00019795830303337425
0.00013757063425146043
9.939878509612754e-05
0.000148660023114644
0.0018543379846960306
0.04059464856982231
0.5662408471107483
0.845474362373352
0.9039343595504761
0.9234168529510498
0.9330015778541565
0.9389616847038269
0.9429101943969727
0.945298969745636
0.946265697479248
0.9458588361740112
0.9441012740135193
0.9410083293914795
0.9365938901901245
0.9308714270591736
0.9238544702529907
0.9155567288398743
0.905991792678833
0.8951733112335205
0.8831151127815247
0.8698306083679199
0.8553333282470703
0.8396368026733398
0.8227540254592896
0.8046971559524536
0.7854753732681274
0.7650886178016663
0.743510901927948
0.720649242401123
0.696251630783081
0.6697069406509399
0.6396151185035706
0.60284823179245
0.5526614785194397
0.47696080803871155
0.37346988916397095
0.26925405859947205
0.1812373846769333
0.12790250778198242
0.09240744262933731
0.06648556888103485
0.047735556960105896
0.03419453650712967
0.024432184174656868
0.017414312809705734
0.012457406148314476
0.010681250132620335
0.05067560449242592
0.5853606462478638
0.8350294828414917
0.8783470988273621
0.8823783993721008
0.8754322528839111
0.8643946647644043
0.851274847984314
0.8367072343826294
0.8209022879600525
0.8039364814758301
0.7858428359031677
0.7666405439376831
0.7463443875312805
0.7249675393104553
0.7025226950645447
0.6790227890014648
0.6544803380966187
0.628900408744812
0.6021811962127686
0.5738443732261658
0.5424029231071472
0.5031185746192932
0.43931448459625244
0.33543699979782104
0.22163905203342438
0.13254830241203308
0.08817578107118607
0.058620158582925797
0.038964953273534775
0.02590049058198929
0.017218025401234627
0.011447927914559841
0.007613074034452438
0.005064092576503754
0.0033695290330797434
0.0022427416406571865
0.0014933007769286633
0.0009946912759914994
0.0006628520204685628
0.00044192219502292573
0.0002947746543213725
0.00019673668430186808
0.00013160255912225693
9.292928007198498e-05
0.00017074386414606124
0.0024935605470091105
0.05440707132220268
0.6161658763885498
0.8533849120140076
0.902357280254364
0.9171903729438782
0.9231507182121277
0.9258036613464355
0.9265622496604919
0.9258139133453369
0.923677921295166
0.9202010631561279
0.9154083728790283
0.9093180894851685
0.9019455313682556
0.893305242061615
0.8834114670753479
0.8722782731056213
0.859919548034668
0.8463494777679443
0.8315818905830383
0.8156304955482483
0.7985090017318726
0.7802308797836304
0.7608090043067932
0.7402551174163818
0.718576192855835
0.6957607865333557
0.6717317700386047
0.6461910009384155
0.6181378960609436
0.5845394134521484
0.5372125506401062
0.4595942497253418
0.3511901795864105
0.2438470870256424
0.15861736238002777
0.11259754747152328
0.07967443019151688
0.05638362094759941
0.03988185152411461
0.02819211222231388
0.019914541393518448
0.014056713320314884
0.00991382822394371
0.00698716240003705
0.004948330111801624
0.0041198087856173515
0.01682300493121147
0.3188928961753845
0.7870392799377441
0.8737760186195374
0.8904982209205627
0.8907142281532288
0.8854267001152039
0.8776010274887085
0.8681480288505554
0.8573606610298157
0.8453369736671448
0.8321153521537781
0.8177164196968079
0.8021558523178101
0.7854478359222412
0.7676056623458862
0.7486422657966614
0.728570818901062
0.7074041366577148
0.6851549744606018
0.6618359088897705
0.6374586820602417
0.6119940876960754
0.5851911306381226
0.5562130212783813
0.5226070284843445
0.4763287901878357
0.3940748870372772
0.2805115878582001
0.16476669907569885
0.10468879342079163
0.06834885478019714
0.044646795839071274
0.029179459437727928
0.019079962745308876
0.01248210296034813
0.008169743232429028
0.00534984702244401
0.003505007131025195
0.0022974915336817503
0.001506744185462594
0.0009886666666716337
0.0006490890518762171
0.0004268778138794005
0.00029155914671719074
0.0004265799652785063
0.005346199963241816
0.11391746997833252
0.7072052359580994
0.8649938106536865
0.8990030884742737
0.9077243804931641
0.9091132283210754
0.9075329899787903
0.9041654467582703
0.8993532657623291
0.8932095170021057
0.8857812881469727
0.877094566822052
0.8671674728393555
0.8560150861740112
0.8436517119407654
0.8300912976264954
0.8153477311134338
0.7994344234466553
0.7823651432991028
0.7641531229019165
0.7448111176490784
0.7243518233299255
0.7027863264083862
0.6801183223724365
0.6563168168067932
0.6311970949172974
0.6039642095565796
0.5717756152153015
0.5257726311683655
0.4467725157737732
0.33667775988578796
0.2286749631166458
0.14840783178806305
0.10437408089637756
0.07336580008268356
0.05156194418668747
0.03624146804213524
0.025473233312368393
0.017903849482536316
0.012582866474986076
0.008842460811138153
0.006213231943547726
0.004365172237157822
0.003066551173105836
0.0021598830353468657
0.0016528693959116936
0.004136457107961178
0.06790266931056976
0.6418956518173218
0.8507362008094788
0.892137885093689
0.9013648629188538
0.9017859101295471
0.8987792730331421
0.8938413262367249
0.8874314427375793
0.8796982169151306
0.870697021484375
0.8604559898376465
0.8489935994148254
0.8363258838653564
0.8224673271179199
0.8074320554733276
0.7912336587905884
0.7738860249519348
0.755402147769928
0.7357949614524841
0.7150775194168091
0.6932624578475952
0.6703624129295349
0.6463896632194519
0.6213386058807373
0.595050573348999
0.566913366317749
0.5350813269615173
0.49343279004096985
0.4206698536872864
0.30897969007492065
0.19203238189220428
0.11742157489061356
0.07705801725387573
0.05056965351104736
0.033186569809913635
0.021780455484986305
0.014295615255832672
0.009383656084537506
0.006159998942166567
0.004044226370751858
0.0026554798241704702
0.0017438631039112806
0.0011456733336672187
0.0007592651527374983
0.000640597369056195
0.003446827409788966
0.06692150980234146
0.638490617275238
0.8486553430557251
0.8905750513076782
0.8995819687843323
0.8995291590690613
0.8959962129592896
0.8905313014984131
0.8836115598678589
0.8753902316093445
0.8659220933914185
0.8552333116531372
0.8433414101600647
0.8302609324455261
0.8160057067871094
0.8005889654159546
0.7840242981910706
0.7663240432739258
0.7475011944770813
0.7275682687759399
0.7065379023551941
0.6844210028648376
0.6612213850021362
0.6368991732597351
0.6112004518508911
0.5830649733543396
0.5485436916351318
0.4946444630622864
0.4008924663066864
0.2880381941795349
0.18505679070949554
0.12453433126211166
0.08680704981088638
0.060532379895448685
0.04222260043025017
0.029463855549693108
0.020569251850247383
0.014365213923156261
0.010035988874733448
0.0070137702859938145
0.004903156775981188
0.0034286428708583117
0.0023981903214007616
0.0016782758757472038
0.001184765133075416
0.0010564238764345646
0.005726605653762817
0.11362189054489136
0.7068231105804443
0.8638406991958618
0.8975540995597839
0.9059693813323975
0.9070345759391785
0.905116617679596
0.9013972878456116
0.8962229490280151
0.8897130489349365
0.8819180130958557
0.8728643655776978
0.862570583820343
0.851051926612854
0.8383228778839111
0.82439786195755
0.8092905879020691
0.793014645576477
0.7755837440490723
0.7570110559463501
0.737309455871582
0.7164916396141052
0.6945704221725464
0.6715583205223083
0.6474671363830566
0.6222867965698242
0.5958404541015625
0.5674512982368469
0.5349779725074768
0.49058154225349426
0.40951576828956604
0.29473093152046204
0.17936410009860992
0.11374141275882721
0.0752699077129364
0.04978702589869499
0.03291589394211769
0.02175295539200306
0.014370283111929893
0.009489748626947403
0.006264631170779467
0.004134266171604395
0.0027275935281068087
0.0017997248796746135
0.0012013764353469014
0.0011036279611289501
0.007357660681009293
0.14560803771018982
0.7278391718864441
0.8634021878242493
0.8912159204483032
0.8956671953201294
0.8931059837341309
0.8876174688339233
0.8803726434707642
0.8717418313026428
0.8618490695953369
0.8507411479949951
0.8384417295455933
0.8249672055244446
0.8103318214416504
0.7945489883422852
0.7776311635971069
0.7595911026000977
0.7404414415359497
0.7201946973800659
0.69886314868927
0.6764581203460693
0.6529848575592041
0.6284019351005554
0.6024407744407654
0.574053168296814
0.5392967462539673
0.4842453896999359
0.38800331950187683
0.2746502459049225
0.17245618999004364
0.11700328439474106
0.0809246376156807
0.05602910369634628
0.03881315141916275
0.026905136182904243
0.018663186579942703
0.012954143807291985
0.008997025899589062
0.006252472288906574
0.004347736015915871
0.0030250181443989277
0.002105908002704382
0.0014669077936559916
0.0010233883513137698
0.0007372745894826949
0.001033400185406208
0.012111211195588112
0.2629600763320923
0.7783250212669373
0.8798018097877502
0.9033430814743042
0.9096933007240295
0.9106398224830627
0.9090700149536133
0.9058103561401367
0.9011276960372925
0.8951190710067749
0.8878259062767029
0.8792710304260254
0.869471549987793
0.8584424257278442
0.8461976647377014
0.8327512145042419
0.8181167840957642
0.8023076057434082
0.7853372097015381
0.767218828201294
0.7479653358459473
0.7275895476341248
0.7061040997505188
0.6835216283798218
0.6598541736602783
0.6351073980331421
0.6092005372047424
0.5817141532897949
0.5512390732765198
0.5127175450325012
0.44721710681915283
0.33899039030075073
0.22218874096870422
0.13470426201820374
0.08994577825069427
0.05996042862534523
0.03994932770729065
0.02660255692899227
0.01770504005253315
0.011777106672525406
0.007829919457435608
0.0052033704705536366
0.0034628063440322876
0.0024529644288122654
0.005239182151854038
0.0903252437710762
0.7026547193527222
0.8705917596817017
0.899672269821167
0.9013840556144714
0.8948831558227539
0.8849962949752808
0.8731752634048462
0.8598924279212952
0.8453100323677063
0.8294880986213684
0.8124513030052185
0.7942112684249878
0.7747719883918762
0.7541261911392212
0.7322454452514648
0.7090546488761902
0.6843715310096741
0.6577568650245667
0.6281132102012634
0.5925747156143188
0.5438013672828674
0.4664802849292755
0.3578731119632721
0.2492285519838333
0.16140009462833405
0.11347965151071548
0.0797504335641861
0.05597187206149101
0.03921572491526604
0.02743512950837612
0.01917102187871933
0.013383830897510052
0.00933676864951849
0.00650991452857852
0.004537198692560196
0.0031615125481039286
0.002202762523666024
0.0015369540778920054
0.001121956272982061
0.0019191594328731298
0.02621420845389366
0.4603428542613983
0.8234630227088928
0.8909714221954346
0.9074293971061707
0.9114063382148743
0.9110686182975769
0.908564567565918
0.904513418674469
0.8991081714630127
0.8924183249473572
0.8844762444496155
0.8753019571304321
0.8649113178253174
0.8533186912536621
0.8405376672744751
0.8265817761421204
0.8114640712738037
0.7951977849006653
0.7777954936027527
0.7592695951461792
0.7396326065063477
0.7188968658447266
0.6970743536949158
0.6741769909858704
0.6502159237861633
0.6251828670501709
0.5989206433296204
0.5708100199699402
0.5388639569282532
0.49584275484085083
0.41887760162353516
0.30744314193725586
0.19387009739875793
0.1217745766043663
0.08148905634880066
0.05448061600327492
0.036727242171764374
0.031002173200249672
0.13716356456279755
0.6600461006164551
0.801339328289032
0.8209228515625
0.8105520606040955
0.7901476621627808
0.7653971314430237
0.7379370331764221
0.7079512476921082
0.6748560070991516
0.6371237635612488
0.5913098454475403
0.5300461649894714
0.442690908908844
0.3385072648525238
0.2408837527036667
0.16309203207492828
0.1187368705868721
0.08652782440185547
0.06296612322330475
0.045770470052957535
0.03323660045862198
0.02411147952079773
0.01747634820640087
0.012657277286052704
0.0091627798974514
0.006664786953479052
0.005499317776411772
0.016571268439292908
0.25527194142341614
0.756058931350708
0.8568849563598633
0.8756242990493774
0.8747913837432861
0.8675285577774048
0.8573223948478699
0.8451704978942871
0.8313266038894653
0.815801739692688
0.798499345779419
0.7792329788208008
0.757694661617279
0.7333848476409912
0.7054898142814636
0.672674298286438
0.6327226161956787
0.581925094127655
0.5145172476768494
0.42655080556869507
0.3320554494857788
0.24637535214424133
0.17692209780216217
0.13317130506038666
0.10068922489881516
0.07651802897453308
0.05803573876619339
0.04395098611712456
0.03325255215167999
0.025132276117801666
0.018973423168063164
0.014306310564279556
0.01077316515147686
0.008101234212517738
0.0060828509740531445
0.004560079891234636
0.0034136835020035505
0.002572127152234316
0.0023929690942168236
0.01211103331297636
0.2399144172668457
0.7773589491844177
0.8827399015426636
0.9081583023071289
0.9160338044166565
0.9183220863342285
0.9179658889770508
0.9157891273498535
0.9120345115661621
0.906777024269104
0.9000411629676819
0.8918352723121643
0.8821606636047363
0.871012806892395
0.8583790063858032
0.8442341685295105
0.8285332918167114
0.8112004399299622
0.7921103239059448
0.7710592746734619
0.7477149963378906
0.7215293645858765
0.6915773749351501
0.6562479138374329
0.6126114130020142
0.5551779866218567
0.4752063453197479
0.3738616406917572
0.2746734619140625
0.19040094316005707
0.13593174517154694
0.09953229129314423
0.07264026254415512
0.05283735319972038
0.03829920291900635
0.027662476524710655
0.019908050075173378
0.014276419766247272
0.010203538462519646
0.007272245362401009
0.005175252445042133
0.0037012528628110886
0.003023202531039715
0.010105416178703308
0.17083537578582764
0.7490103840827942
0.8714209794998169
0.897719144821167
0.9032024145126343
0.9021053910255432
0.897996187210083
0.8919128179550171
0.8842036724090576
0.8750101923942566
0.864406406879425
0.8524450659751892
0.8391727805137634
0.8246334791183472
0.8088656663894653
0.7919006943702698
0.7737614512443542
0.7544607520103455
0.7340005040168762
0.7123688459396362
0.6895350217819214
0.6654388308525085
0.6399666666984558
0.6128518581390381
0.5832670331001282
0.5486293435096741
0.5002363324165344
0.4143058657646179
0.2958195209503174
0.17868554592132568
0.11148151010274887
0.07243792712688446
0.04702889546751976
0.030541863292455673
0.019853968173265457
0.012925384566187859
0.008433295413851738
0.005524671170860529
0.0036550010554492474
0.002486247569322586
0.0018214883748441935
0.0015584697248414159
0.001648923964239657
0.002054158365353942
0.0027129370719194412
0.0035281151067465544
0.00439368886873126
0.005215707700699568
0.00585958594456315
0.006271832622587681
0.0064405640587210655
0.006388899404555559
0.006170525681227446
0.005839969497174025
0.00543604651466012
0.004986792802810669
0.004519935697317123
0.004055552184581757
0.0036087138578295708
0.003190235933288932
0.0028063904028385878
0.0024594885762780905
0.0021490571089088917
0.0018746148562058806
0.001634572516195476
0.0014264285564422607
0.001247301115654409
0.001094336505047977
0.0009649363346397877
0.0008568242774344981
0.0007680818671360612
0.0006970950053073466
0.0006427821354009211
0.0006050091469660401
0.0005850746529176831
0.0005857448559254408
0.0006125728250481188
0.0006773782079108059
0.0008014728664420545
0.001019452465698123
0.001392148551531136
0.0020271195098757744
0.003147811396047473
0.005322042386978865
0.010241985321044922
0.022391315549612045
0.05074816942214966
0.10356871783733368
0.15882578492164612
0.1898988038301468
0.1888234168291092
0.17944225668907166
0.16830040514469147
0.15583527088165283
0.14886794984340668
0.14051026105880737
0.13013054430484772
0.11891194432973862
0.11189141124486923
0.10344236344099045
0.0940345972776413
0.08673262596130371
0.07931844890117645
0.07157522439956665
0.06515754759311676
0.05857338383793831
0.05258055776357651
0.04700441285967827
0.04174679145216942
0.03697974979877472
0.03255247697234154
0.028543250635266304
0.02490099146962166
0.02161581441760063
0.01868251897394657
0.016069170087575912
0.013768501579761505
0.0117774847894907
0.010149821639060974
0.009202754124999046
0.010732294991612434
0.026043906807899475
0.13877235352993011
0.5337761640548706
0.682844877243042
0.7138749361038208
0.7116868495941162
0.6986873149871826
0.6805331707000732
0.658115804195404
0.6309385299682617
0.5979610085487366
0.5574734807014465
0.5072324275970459
0.44457706809043884
0.37194588780403137
0.295584499835968
0.21967017650604248
0.15219208598136902
0.10860928893089294
0.07453393191099167
0.05030505731701851
0.033636823296546936
0.022377125918865204
0.014850220642983913
0.009848397225141525
0.006534873973578215
0.004342660773545504
0.002892382675781846
0.0019321037689223886
0.0012952483957633376
0.0008719448815099895
0.0005898021627217531
0.0004011328855995089
0.0002745478122960776
0.00018999962776433676
0.00014503484999295324
0.00033027317840605974
0.004535612650215626
0.08864432573318481
0.6783368587493896
0.8683919906616211
0.9178648591041565
0.9418545961380005
0.9593247771263123
0.9741258025169373
0.9870762228965759
0.998347282409668
1.0079854726791382
1.0160167217254639
1.0224647521972656
1.0273544788360596
1.0307105779647827
1.032557725906372
1.032920002937317
1.0318211317062378
1.0292836427688599
1.0253291130065918
1.0199780464172363
1.0132497549057007
1.0051618814468384
0.9957312941551208
0.9849728941917419
0.9729002714157104
0.9595255255699158
0.9448588490486145
0.9289084672927856
0.9116802215576172
0.8931770920753479
0.8733981847763062
0.8523373603820801
0.8299814462661743
0.8063055872917175
0.7812678217887878
0.7547977566719055
0.7267773151397705
0.6970011591911316
0.6650851964950562
0.6301997900009155
0.5899640917778015
0.53611820936203
0.4443536400794983
0.31447458267211914
0.19346670806407928
0.12219685316085815
0.08129242807626724
0.05429060012102127
0.03640128672122955
0.024499792605638504
0.016550496220588684
0.011220873333513737
0.0076341996900737286
0.005211567040532827
0.0035692877136170864
0.002452143933624029
0.0016908752731978893
0.0011974330991506577
0.0014574555680155754
0.014600848779082298
0.3091983199119568
0.7893819212913513
0.8807986974716187
0.9011775851249695
0.9053754806518555
0.9044174551963806
0.9011267423629761
0.896309494972229
0.8902111053466797
0.8829098343849182
0.8744311928749084
0.8647837042808533
0.8539705276489258
0.8419932126998901
0.8288532495498657
0.8145523071289062
0.799092710018158
0.7824769020080566
0.7647076845169067
0.7457876205444336
0.7257189154624939
0.7045026421546936
0.6821371912956238
0.6586167216300964
0.6339207887649536
0.6079310774803162
0.5801458954811096
0.5488878488540649
0.5081793069839478
0.4375925362110138
0.32625439763069153
0.20781518518924713
0.12403599172830582
0.07987239211797714
0.05128416791558266
0.03290947154164314
0.02112051658332348
0.013560304418206215
0.008711360394954681
0.005600431468337774
0.003608010709285736
0.0023910547606647015
0.002446249360218644
0.014180392026901245
0.20328287780284882
0.7313172817230225
0.8529139161109924
0.8783344626426697
0.8798686265945435
0.8733550906181335
0.8632122278213501
0.8508790731430054
0.8368692398071289
0.821363627910614
0.8043950200080872
0.7858975529670715
0.7656956315040588
0.7434457540512085
0.7185167670249939
0.689775288105011
0.655230700969696
0.6114888787269592
0.553046464920044
0.47291597723960876
0.37500983476638794
0.28098952770233154
0.20129144191741943
0.14713133871555328
0.11064378172159195
0.08359318971633911
0.06313089281320572
0.04768674075603485
0.036034561693668365
0.027237331494688988
0.020594550296664238
0.015575784258544445
0.011783020570874214
0.008915950544178486
0.006747996434569359
0.005108010023832321
0.00386694073677063
0.0029274902772158384
0.0022161954548209906
0.0016775897238403559
0.0012707062996923923
0.0009853038936853409
0.0012706916313618422
0.01261465810239315
0.28062885999679565
0.7883437871932983
0.8878036737442017
0.9145066142082214
0.9254775643348694
0.9314319491386414
0.934939980506897
0.936699628829956
0.9369151592254639
0.9356551766395569
0.9329488277435303
0.9288138151168823
0.9232648611068726
0.9163154363632202
0.9079784154891968
0.8982657790184021
0.8871886134147644
0.8747570514678955
0.8609798550605774
0.8458641171455383
0.8294146656990051
0.8116334676742554
0.7925170660018921
0.7720528841018677
0.7502083778381348
0.7269072532653809
0.7019648551940918
0.6749216318130493
0.6446135640144348
0.6080783605575562
0.5578835010528564
0.477905809879303
0.361788272857666
0.24539239704608917
0.15343187749385834
0.10477916151285172
0.0699918195605278
0.04620368778705597
0.03030318021774292
0.02060776948928833
0.031752150505781174
0.3661847412586212
0.7652459740638733
0.8400668501853943
0.8480423092842102
0.8387045860290527
0.8236562013626099
0.8062167167663574
0.787409245967865
0.7675639986991882
0.7467830181121826
0.7250804901123047
0.7024104595184326
0.6786354184150696
0.6534186601638794
0.6259316205978394
0.594104528427124
0.5530046820640564
0.492645800113678
0.40504056215286255
0.3078899383544922
0.2182716280221939
0.15006117522716522
0.11287695914506912
0.08383147418498993
0.06228162348270416
0.046287983655929565
0.034409672021865845
0.025587566196918488
0.019034825265407562
0.01416558213531971
0.010545824654400349
0.007854052819311619
0.005851641297340393
0.004361460916697979
0.003252048045396805
0.0024257786571979523
0.0018101092427968979
0.0013511390425264835
0.0010088211856782436
0.0007533928146585822
0.0005627220380119979
0.00042034126818180084
0.0003139893524348736
0.00023453067115042359
0.00017515392391942441
0.00013077782932668924
9.761006367625669e-05
7.281963917193934e-05
5.429568045656197e-05
4.049371273140423e-05
3.0642186175100505e-05
2.961817335744854e-05
0.00012953547411598265
0.001971195684745908
0.03661005571484566
0.512640118598938
0.8239299654960632
0.8940083384513855
0.9205222129821777
0.9364884495735168
0.9488272666931152
0.9591705799102783
0.967898964881897
0.9750800728797913
0.980706512928009
0.9847577810287476
0.9872158169746399
0.9880671501159668
0.9873024821281433
0.9849138855934143
0.9808948636054993
0.9752371907234192
0.967930793762207
0.9589616060256958
0.9483102560043335
0.9359508752822876
0.9218608736991882
0.9060596823692322
0.8886417150497437
0.8697471618652344
0.8494971990585327
0.8279389142990112
0.8050107359886169
0.7805130481719971
0.7540712952613831
0.7250804305076599
0.6925989985466003
0.6551085710525513
0.6099559664726257
0.5521724224090576
0.4737643897533417
0.37558653950691223
0.2784290909767151
0.19418658316135406
0.13849736750125885
0.10050436854362488
0.0728072002530098
0.05227532237768173
0.03726253658533096
0.02639598399400711
0.018611449748277664
0.013099493458867073
0.00926742609590292
0.006687977351248264
0.005028139799833298
0.003989310935139656
0.003309262217953801
0.0028024378698319197
0.0023696799762547016
0.0019746231846511364
0.0016132850432768464
0.0012947766808792949
0.0010820655152201653
0.0021493034437298775
0.029494591057300568
0.4899342358112335
0.8321302533149719
0.9011866450309753
0.9228802919387817
0.9331039190292358
0.9392061829566956
0.9429855346679688
0.9449468851089478
0.9452493190765381
0.943951427936554
0.9410800933837891
0.9366505742073059
0.9306736588478088
0.9231579899787903
0.9141104817390442
0.9035363793373108
0.8914390206336975
0.8778180480003357
0.8626672029495239
0.8459722399711609
0.8277060389518738
0.807823121547699
0.786251425743103
0.7628776431083679
0.7375221848487854
0.7098898887634277
0.6794660687446594
0.6452646255493164
0.6050615310668945
0.5527654886245728
0.4715687036514282
0.34845879673957825
0.21740835905075073
0.12485387921333313
0.07700242847204208
0.047638777643442154
0.029601622372865677
0.01906355284154415
0.024866320192813873
0.26993781328201294
0.7387157678604126
0.8347837924957275
0.8488730788230896
0.8424889445304871
0.8296837210655212
0.8143503665924072
0.7976845502853394
0.7800620794296265
0.761596143245697
0.7423197627067566
0.7222431898117065
0.7013701796531677
0.6797031760215759
0.6572436690330505
0.6339812874794006
0.6098240613937378
0.5844323039054871
0.5568401217460632
0.5241801738739014
0.4771119952201843
0.3993099331855774
0.30273061990737915
0.2058749943971634
0.13695630431175232
0.09856666624546051
0.07093781977891922
0.05111880227923393
0.03688107058405876
0.02664121985435486
0.019268225878477097
0.013953899033367634
0.010118798352777958
0.007347830571234226
0.005343233700841665
0.003891178173944354
0.0028379547875374556
0.002072957344353199
0.001516513410024345
0.0011111662024632096
0.0008154347306117415
0.0005993396043777466
0.000441188458353281
0.00032526851282455027
0.0002402666723355651
0.00017962008132599294
0.00017071676847990602
0.0008753068977966905
0.015745066106319427
0.3256129324436188
0.7926750183105469
0.8859013915061951
0.9119797348976135
0.9230180382728577
0.9292691946029663
0.9332053065299988
0.9354779720306396
0.9362714290618896
0.9356445074081421
0.9336228370666504
0.9302237629890442
0.9254627823829651
0.919355034828186
0.9119154810905457
0.9031587243080139
0.8930991888046265
0.8817511796951294
0.8691282868385315
0.8552436232566833
0.8401097059249878
0.8237377405166626
0.8061369061470032
0.78731369972229
0.7672695517539978
0.7459962964057922
0.7234663963317871
0.6996104717254639
0.6742609143257141
0.646998941898346
0.6166879534721375
0.5800566077232361
0.5279541015625
0.44145140051841736
0.3262036144733429
0.2163676917552948
0.1402980387210846
0.09663452953100204
0.06650667637586594
0.04562866687774658
0.03121119551360607
0.021286245435476303
0.014495506882667542
0.010223634541034698
0.01459282636642456
0.158193439245224
0.717307448387146
0.8451753854751587
0.8673753142356873
0.8654961585998535
0.8562842011451721
0.8441269993782043
0.8303300142288208
0.8153197169303894
0.7992377281188965
0.7821325063705444
0.7640241384506226
0.7449241876602173
0.7248421311378479
0.7037868499755859
0.6817667484283447
0.6587903499603271
0.6348638534545898
0.6099462509155273
0.5837863087654114
0.5556066632270813
0.5232383012771606
0.480026513338089
0.4070054888725281
0.3027769923210144
0.1940518170595169
0.12014986574649811
0.08076344430446625
0.05435274541378021
0.03662196174263954
0.02470693364739418
0.01669144630432129
0.011292877607047558
0.007652172353118658
0.005193594377487898
0.0035309535451233387
0.002404907252639532
0.0016410899115726352
0.0011221308959648013
0.0007689261110499501
0.0005280947661958635
0.00036356630153022707
0.00025093412841670215
0.00017366194515489042
0.00012056136620230973
8.4651168435812e-05
7.308349449886009e-05
0.00032424714299850166
0.005675854627043009
0.11413928866386414
0.7045631408691406
0.8653878569602966
0.9039404988288879
0.9180223941802979
0.9251689314842224
0.9294916391372681
0.9320812821388245
0.9332406520843506
0.9330539107322693
0.931543231010437
0.9287146925926208
0.9245719313621521
0.9191202521324158
0.9123668074607849
0.9043206572532654
0.8949918746948242
0.884391188621521
0.8725297451019287
0.8594191074371338
0.8450705409049988
0.8294949531555176
0.8127027750015259
0.7947035431861877
0.7755051851272583
0.7551133632659912
0.7335297465324402
0.7107470631599426
0.6867380738258362
0.6614173054695129
0.6345033645629883
0.6049942374229431
0.5693976879119873
0.5163481831550598
0.4220932722091675
0.3002423644065857
0.18900862336158752
0.1238696500658989
0.08440513908863068
0.05758268013596535
0.03933984786272049
0.026907384395599365
0.0184218417853117
0.012622436508536339
0.008654512465000153
0.005936942063271999
0.004074042197316885
0.0027960482984781265
0.0019187600119039416
0.0013162292307242751
0.0009022510494105518
0.0006177819450385869
0.0004223613068461418
0.0002883218403439969
0.0001976828061742708
0.00015081115998327732
0.0003514803829602897
0.005574111361056566
0.14556653797626495
0.7670060396194458
0.8945015072822571
0.9213280081748962
0.9283614158630371
0.9294243454933167
0.9278624057769775
0.9247327446937561
0.9201192855834961
0.9138210415840149
0.9056592583656311
0.8955026865005493
0.8832336664199829
0.8687147498130798
0.8517547249794006
0.8320649862289429
0.8091942667961121
0.7824306488037109
0.7506746053695679
0.7123022675514221
0.6650532484054565
0.6059661507606506
0.5314202904701233
0.4394892156124115
0.3434434235095978
0.2585979700088501
0.19002492725849152
0.14420458674430847
0.11094947159290314
0.08580466359853745
0.06638780236244202
0.051379770040512085
0.03976733982563019
0.030765008181333542
0.023778686299920082
0.018354734405875206
0.01414485089480877
0.010877330787479877
0.008342847228050232
0.006379774305969477
0.004869012162089348
0.003808211535215378
0.004643118474632502
0.03345789015293121
0.46782127022743225
0.8074143528938293
0.8771660327911377
0.8969815969467163
0.9044913053512573
0.9077168107032776
0.908725917339325
0.9080835580825806
0.9059397578239441
0.9023370146751404
0.8972890973091125
0.8907852172851562
0.8827950954437256
0.8732784390449524
0.8621937036514282
0.8495003581047058
0.835156261920929
0.8191119432449341
0.8013017177581787
0.7816302180290222
0.7599510550498962
0.7360297441482544
0.70947265625
0.6795769929885864
0.6449854969978333
0.6028134822845459
0.5466096997261047
0.46454745531082153
0.3579552471637726
0.2536855638027191
0.1679004430770874
0.11801543086767197
0.08357629925012589
0.07704532891511917
0.3152937889099121
0.5890843868255615
0.6233620643615723
0.5856908559799194
0.5229715704917908
0.44535499811172485
0.36180436611175537
0.28292590379714966
0.2132028490304947
0.15792696177959442
0.12212249636650085
0.09331780672073364
0.0707811489701271
0.05340519919991493
0.04016871750354767
0.030154366046190262
0.02261636033654213
0.01696222834289074
0.012727785855531693
0.00955875962972641
0.007187102921307087
0.0054113357327878475
0.004080529324710369
0.00308217597194016
0.002333772601559758
0.0017865594709292054
0.0015542976325377822
0.003857999574393034
0.044669587165117264
0.5147368311882019
0.8039368391036987
0.8673426508903503
0.8889222741127014
0.9032745361328125
0.9109310507774353
0.913597583770752
0.9127095937728882
0.9090048670768738
0.9028420448303223
0.894375205039978
0.8836359977722168
0.8705717921257019
0.855059027671814
0.8369021415710449
0.8158192038536072
0.7914150357246399
0.7631382942199707
0.7302153706550598
0.6915460228919983
0.6455358862876892
0.5898250937461853
0.5210639238357544
0.4369138181209564
0.34743568301200867
0.2652888894081116
0.1960393339395523
0.1473432034254074
0.11271142214536667
0.0863729864358902
0.06586332619190216
0.05015755444765091
0.038105856627225876
0.028889760375022888
0.02185361459851265
0.01649368926882744
0.012419874779880047
0.009337028488516808
0.0071149468421936035
0.007237089332193136
0.039346843957901
0.49051526188850403
0.802714467048645
0.8664887547492981
0.8822055459022522
0.8852164149284363
0.8835048079490662
0.879231870174408
0.8730162978172302
0.8650180101394653
0.8552484512329102
0.8436638116836548
0.8301880359649658
0.814708948135376
0.797062337398529
0.7770023941993713
0.7541548013687134
0.7279321551322937
0.6973926424980164
0.6610085964202881
0.6163235306739807
0.5597608685493469
0.49028199911117554
0.4138047397136688
0.33838945627212524
0.26477015018463135
0.19461186230182648
0.14777953922748566
0.11593705415725708
0.09068460762500763
0.0706310048699379
0.054793860763311386
0.04236029461026192
0.03265523165464401
0.025113817304372787
0.0192752443253994
0.014768204651772976
0.011297349818050861
0.008629951626062393
0.00658354302868247
0.005015868693590164
0.003816524287685752
0.0029000919312238693
0.002200665883719921
0.0016675015212967992
0.0012615813175216317
0.0009529909584671259
0.0007198814419098198
0.0005669915699400008
0.0009193122969008982
0.01050197146832943
0.2064184844493866
0.7555580139160156
0.8747149705886841
0.9066091179847717
0.9196377992630005
0.9266856908798218
0.9308547377586365
0.9329678416252136
0.9332747459411621
0.9318718314170837
0.92880779504776
0.924113929271698
0.9178106188774109
0.9099048376083374
0.9003854393959045
0.8892210125923157
0.8763591647148132
0.8617250919342041
0.8452172875404358
0.8266992568969727
0.80598384141922
0.7828071713447571
0.7567810416221619
0.7273043990135193
0.693388819694519
0.6533024311065674
0.6038037538528442
0.5386555790901184
0.4490535855293274
0.3435114622116089
0.24494679272174835
0.16637028753757477
0.1191425696015358
0.08536471426486969
0.06076186150312424
0.04329075664281845
0.037344951182603836
0.22751891613006592
0.7662808895111084
0.8622507452964783
0.8731165528297424
0.8626736998558044
0.8409580588340759
0.8124579787254333
0.7795873880386353
0.7434554100036621
0.7041848301887512
0.6609303951263428
0.6114902496337891
0.5511900782585144
0.47199419140815735
0.37360453605651855
0.2751850485801697
0.18972650170326233
0.1347305327653885
0.09802371263504028
0.07132509350776672
0.05188220366835594
0.037725821137428284
0.02742043323814869
0.019915534183382988
0.014449025504291058
0.010467048734426498
0.0075677973218262196
0.005458555184304714
0.003925874829292297
0.0028138956986367702
0.0020087705925107002
0.0014274150598794222
0.0010091932490468025
0.0007098489440977573
0.0004981500096619129
0.00036881197593174875
0.0005989099736325443
0.006199443247169256
0.10724160075187683
0.6824641823768616
0.8530634045600891
0.893505871295929
0.9078845977783203
0.9149808883666992
0.9192456603050232
0.9220746159553528
0.9237200021743774
0.9239645004272461
0.9225817918777466
0.9194371104240417
0.9144691824913025
0.9076592922210693
0.899006724357605
0.8885128498077393
0.876170814037323
0.8619582056999207
0.8458306193351746
0.827713131904602
0.8074889779090881
0.784980058670044
0.7599153518676758
0.7318733930587769
0.7001743316650391
0.6636587381362915
0.620193362236023
0.5655033588409424
0.49152976274490356
0.39398258924484253
0.2927444279193878
0.20231029391288757
0.14003223180770874
0.09900904446840286
0.06924055516719818
0.04788956046104431
0.0328807607293129
0.02246932126581669
0.015310710296034813
0.010415948927402496
0.007080704439431429
0.004812805447727442
0.003272399539127946
0.0022265512961894274
0.001516392338089645
0.0010339427972212434
0.0007064084056764841
0.000494567328132689
0.0005914986249990761
0.005844530183821917
0.12071578204631805
0.7092137336730957
0.8652308583259583
0.9021339416503906
0.9151542782783508
0.921459436416626
0.9250481128692627
0.9269536137580872
0.9274629354476929
0.9266605973243713
0.9245743751525879
0.9212160110473633
0.9165928363800049
0.9107111096382141
0.9035763740539551
0.8951942324638367
0.8855694532394409
0.8747062087059021
0.8626077771186829
0.849276602268219
0.8347136378288269
0.8189180493354797
0.8018869161605835
0.7836142182350159
0.7640895247459412
0.7432963848114014
0.7212090492248535
0.6977869868278503
0.6729649305343628
0.6466313600540161
0.6185590624809265
0.5880600810050964
0.5528859496116638
0.505281925201416
0.42246943712234497
0.30464258790016174
0.18674175441265106
0.11516032367944717
0.07495595514774323
0.04878558963537216
0.03176727518439293
0.020725738257169724
0.014029473066329956
0.02174631878733635
0.3076951205730438
0.769069492816925
0.8490557670593262
0.8537506461143494
0.8386329412460327
0.8163405060768127
0.7905390858650208
0.7622900605201721
0.7317139506340027
0.6984374523162842
0.6615890860557556
0.6194055676460266
0.5680355429649353
0.4992406368255615
0.4047737121582031
0.3007681667804718
0.20275600254535675
0.13389116525650024
0.09179148077964783
0.062794029712677
0.043038513511419296
0.029605675488710403
0.020456574857234955
0.01421264186501503
0.010091207921504974
0.01052290853112936
0.07646048814058304
0.6260459423065186
0.8268159627914429
0.8641372919082642
0.8675020933151245
0.8611983060836792
0.8512550592422485
0.8393276333808899
0.8258437514305115
0.8108707070350647
0.7943804860115051
0.7763260006904602
0.7566519379615784
0.7352852821350098
0.7121126055717468
0.6869444251060486
0.65944504737854
0.6289649605751038
0.5939235091209412
0.5495870113372803
0.47937506437301636
0.3548019826412201
0.2209790199995041
0.13112935423851013
0.08697154372930527
0.05847181752324104
0.03977543115615845
0.02734978497028351
0.018995262682437897
0.013319347985088825
0.009425066411495209
0.006727949716150761
0.004843005910515785
0.0035140933468937874
0.0025691899936646223
0.001891785068437457
0.001402358990162611
0.0010470895795151591
0.0008073806529864669
0.0010494001908227801
0.009677520953118801
0.18825769424438477
0.7529345154762268
0.8732369542121887
0.9015733599662781
0.91031414270401
0.9132324457168579
0.9137187600135803
0.9127023816108704
0.9104474782943726
0.907029926776886
0.9024704694747925
0.8967742323875427
0.8899436593055725
0.8819815516471863
0.8728916645050049
0.8626786470413208
0.8513468503952026
0.8388994932174683
0.8253384828567505
0.8106632828712463
0.7948706746101379
0.7779539823532104
0.7599013447761536
0.7406939268112183
0.7203015685081482
0.6986746191978455
0.6757279634475708
0.6513015031814575
0.6250404715538025
0.5959767699241638
0.5613081455230713
0.5128220319747925
0.43242648243904114
0.3241356313228607
0.21638421714305878
0.13700370490550995
0.09257984161376953
0.06203032284975052
0.041409458965063095
0.027608636766672134
0.018404506146907806
0.012294371612370014
0.008574454113841057
0.011257286183536053
0.0889674499630928
0.6102844476699829
0.8013858795166016
0.83648282289505
0.8410106301307678
0.8368063569068909
0.8259522318840027
0.8105692267417908
0.7917926907539368
0.7699783444404602
0.744907021522522
0.7157773971557617
0.681086540222168
0.6384446024894714
0.5842956900596619
0.5137568116188049
0.4243070185184479
0.33040371537208557
0.2460465282201767
0.17818419635295868
0.14289157092571259
0.18867042660713196
0.2691955268383026
0.2696327269077301
0.23626399040222168
0.1942853480577469
0.1559736579656601
0.1287945657968521
0.10432563722133636
0.08363088965415955
0.06664670258760452
0.05288179591298103
0.04182970151305199
0.03300345316529274
0.025980476289987564
0.020413778722286224
0.016014620661735535
0.0125459935516119
0.009816398844122887
0.007672269828617573
0.005990483332425356
0.004673020914196968
0.0036420661490410566
0.002836001105606556
0.0022062610369175673
0.0017146485624834895
0.0013312335358932614
0.0010341777233406901
0.0008415661286562681
0.0015276445774361491
0.0203842893242836
0.41209474205970764
0.8222774863243103
0.9005471467971802
0.9234588146209717
0.9337074160575867
0.9395695924758911
0.9430277347564697
0.9446045160293579
0.9444577097892761
0.9426441788673401
0.9391904473304749
0.9341129064559937
0.9274227619171143
0.9191274046897888
0.9092279076576233
0.8977158069610596
0.8845680356025696
0.8697389364242554
0.8531495332717896
0.8346695303916931
0.8140880465507507
0.7910657525062561
0.7650560140609741
0.7351727485656738
0.6999630331993103
0.656998336315155
0.6021038889884949
0.5281113982200623
0.4278995990753174
0.31905704736709595
0.22421099245548248
0.16180633008480072
0.15345574915409088
0.1617104560136795
0.14937640726566315
0.1319761574268341
0.11090253293514252
0.09097898006439209
0.07364402711391449
0.05911918357014656
0.047181788831949234
0.03749721124768257
0.029710670933127403
0.02348712459206581
0.018536729738116264
0.014612696133553982
0.011510868556797504
0.009063219651579857
0.007134142331779003
0.005614865571260452
0.004418701399117708
0.003477018093690276
0.002735681366175413
0.0021520608570426702
0.0016925947275012732
0.0013308615889400244
0.0010460754856467247
0.0008218883886002004
0.0006454437389038503
0.0005067860474810004
0.0004013644647784531
0.000393333553802222
0.0019801382441073656
0.037911463528871536
0.551341712474823
0.8539196252822876
0.9229059219360352
0.9499011039733887
0.9661086201667786
0.9780603647232056
0.987400233745575
0.9946265816688538
0.9999356269836426
1.003430962562561
1.005181074142456
1.005237340927124
1.003640055656433
1.0004239082336426
0.9956179857254028
0.9892482757568359
0.9813380241394043
0.9719080328941345
0.9609767198562622
0.9485607743263245
0.9346745014190674
0.9193295836448669
0.9025346636772156
0.8842948079109192
0.8646098375320435
0.843472957611084
0.8208678364753723
0.7967634201049805
0.7711063027381897
0.743804395198822
0.7146993279457092
0.6835044622421265
0.6496588587760925
0.6118486523628235
0.565888524055481
0.49601060152053833
0.3653928339481354
0.21010024845600128
0.11133042722940445
0.06526079773902893
0.0386323556303978
0.02304168790578842
0.013825912959873676
0.008337290957570076
0.005048530641943216
0.0030681912321597338
0.0018725648988038301
0.0011725898366421461
0.0011444310657680035
0.007851271890103817
0.12894102931022644
0.6838380098342896
0.8349707722663879
0.865362823009491
0.8685083389282227
0.8636152744293213
0.8566502928733826
0.8481522798538208
0.8374321460723877
0.8241357207298279
0.8080658912658691
0.7890123128890991
0.7666700482368469
0.7405868172645569
0.7101031541824341
0.6742589473724365
0.63163822889328
0.5800953507423401
0.5165303945541382
0.4388163089752197
0.3554824888706207
0.27750688791275024
0.20928065478801727
0.1561976969242096
0.12260103225708008
0.09481882303953171
0.07292699068784714
0.05557629093527794
0.04181462898850441
0.030935760587453842
0.022492950782179832
0.016125645488500595
0.011445323936641216
0.008069681003689766
0.005667639430612326
0.003976856824010611
0.002808038843795657
0.0020728297531604767
0.0020137394312769175
0.004950325470417738
0.029291454702615738
0.2597598135471344
0.8646982312202454
0.9053516983985901
0.8908826112747192
0.8688595294952393
0.8466284275054932
0.82548588514328
0.8051213622093201
0.7848482131958008
0.7639301419258118
0.7416186928749084
0.7171058654785156
0.6894348859786987
0.6573230624198914
0.618769109249115
0.5700919032096863
0.5041077136993408
0.4127684235572815
0.30902695655822754
0.20720776915550232
0.13287357985973358
0.08982726186513901
0.061223577708005905
0.042065177112817764
0.029113326221704483
0.02028077282011509
0.014208638109266758
0.010002847760915756
0.007069702260196209
0.005011374596506357
0.003558988217264414
0.002529372461140156
0.0017968087922781706
0.0012744022533297539
0.000901687191799283
0.0006362343556247652
0.00044793321285396814
0.0003152086865156889
0.00022262382844928652
0.00015951045497786254
0.00011973283835686743
0.00010403607302578166
0.00013137921632733196
0.0002847807772923261
0.000894922879524529
0.003313537919893861
0.013291540555655956
0.05334973707795143
0.19290128350257874
0.36530202627182007
0.40014344453811646
0.37975645065307617
0.3450375199317932
0.30809852480888367
0.2724011540412903
0.23897838592529297
0.20837096869945526
0.18115758895874023
0.15700776875019073
0.13989686965942383
0.12269806861877441
0.10755079239606857
0.0943182185292244
0.08252358436584473
0.07189492881298065
0.06248866021633148
0.05423487350344658
0.04697313904762268
0.04057523235678673
0.03495876491069794
0.03004494309425354
0.025759117677807808
0.022029265761375427
0.018791550770401955
0.01598730869591236
0.013565251603722572
0.011478523723781109
0.00968590471893549
0.008150342851877213
0.006838865578174591
0.005722327623516321
0.0047750324010849
0.003974421881139278
0.003301013261079788
0.0027386171277612448
0.0022753390949219465
0.0019071779679507017
0.0016513151349499822
0.001597587950527668
0.002122062724083662
0.0048661367036402225
0.017274364829063416
0.07170392572879791
0.2825794816017151
0.4432141184806824
0.4763065278530121
0.4597589671611786
0.4267270863056183
0.38975632190704346
0.3525006175041199
0.31536656618118286
0.2794385254383087
0.24476724863052368
0.21230526268482208
0.1829637587070465
0.15687373280525208
0.13728463649749756
0.1184619590640068
0.1016535609960556
0.08653353154659271
0.07316333055496216
0.06140059232711792
0.05114305764436722
0.042264290153980255
0.03465014696121216
0.028174901381134987
0.022718681022524834
0.018165098503232002
0.014401234686374664
0.011319475248456001
0.008820272982120514
0.0068131317384541035
0.0052169933915138245
0.003960406873375177
0.0029814380686730146
0.002226996934041381
0.0016519319033250213
0.001218301709741354
0.000894782249815762
0.000656130607239902
0.00048287809477187693
0.0003621947835199535
0.0002943458966910839
0.0003298744559288025
0.0008066759328357875
0.004139051306992769
0.03075462393462658
0.2860727310180664
0.6651462912559509
0.7671429514884949
0.7905535697937012
0.791475236415863
0.7842438220977783
0.7728942632675171
0.75847989320755
0.7412216663360596
0.7210389375686646
0.6976823210716248
0.6709046363830566
0.6402415633201599
0.605236828327179
0.5651663541793823
0.5193129777908325
0.4670579731464386
0.41003379225730896
0.3531424403190613
0.2987169623374939
0.24817447364330292
0.20295004546642303
0.16447287797927856
0.13731281459331512
0.11352523416280746
0.09344226121902466
0.07643569260835648
0.06217881292104721
0.05031760409474373
0.040505167096853256
0.0324384942650795
0.025849293917417526
0.02049962617456913
0.01618073880672455
0.012714355252683163
0.009947513230144978
0.0077503882348537445
0.006014482583850622
0.004649629816412926
0.0035815390292555094
0.002749459119513631
0.0021041606087237597
0.0016062691574916244
0.0012252704473212361
0.000940843194257468
0.0007552828756161034
0.0007729853969067335
0.0017533572390675545
0.009474421851336956
0.07424458861351013
0.4746134281158447
0.7067855596542358
0.7592031955718994
0.7641198039054871
0.7535392045974731
0.736294150352478
0.714817225933075
0.6895667910575867
0.6603346467018127
0.6266924142837524
0.5879837870597839
0.5433762073516846
0.4919227659702301
0.43378540873527527
0.37363505363464355
0.31572139263153076
0.2616002857685089
0.21278153359889984
0.1715276688337326
0.14203257858753204
0.11639590561389923
0.09493628889322281
0.07711289823055267
0.062289971858263016
0.049983441829681396
0.039873190224170685
0.031621091067790985
0.0249322559684515
0.019544782117009163
0.015234730206429958
0.011809486895799637
0.009105047211050987
0.006983383093029261
0.0053293160162866116
0.004047630354762077
0.0030603990890085697
0.0023045269772410393
0.0017295746365562081
0.0012962128967046738
0.000976354640442878
0.0007597261574119329
0.0006931760581210256
0.0011156599503010511
0.0042269001714885235
0.025616327300667763
0.1844094842672348
0.5710636377334595
0.6893560290336609
0.7085129022598267
0.6979895830154419
0.6765913963317871
0.6495891809463501
0.6182146668434143
0.5824185013771057
0.5415995717048645
0.495103657245636
0.4428899884223938
0.3882472515106201
0.33482280373573303
0.2840881943702698
0.2370116263628006
0.1952216476202011
0.15994730591773987
0.13479579985141754
0.1123071238398552
0.09327103942632675
0.07693294435739517
0.0631137415766716
0.05148392915725708
0.041772786527872086
0.033723458647727966
0.027085864916443825
0.021644705906510353
0.01721130684018135
0.013621101155877113
0.010730070061981678
0.008414626121520996
0.006570290774106979
0.005108905024826527
0.003956800326704979
0.003052931046113372
0.0023471165914088488
0.00179844512604177
0.0013738368870690465
0.0010467910906299949
0.000796408043242991
0.00060699024470523
0.00046976396697573364
0.00039610653766430914
0.0005097900866530836
0.0017998742405325174
0.01342573668807745
0.13585563004016876
0.6172025799751282
0.7815120220184326
0.8231104016304016
0.833301842212677
0.8328828811645508
0.8274304866790771
0.8186200857162476
0.8069510459899902
0.7925363183021545
0.77531898021698
0.7551426887512207
0.7317593693733215
0.7048515677452087
0.6739882826805115
0.638599157333374
0.5979226231575012
0.5509106516838074
0.4963741898536682
0.43418893218040466
0.3696029484272003
0.30769485235214233
0.2504469156265259
0.19987870752811432
0.1581447720527649
0.12942413985729218
0.1048993170261383
0.08428048342466354
0.06726903468370438
0.05335380882024765
0.04203112795948982
0.032901689410209656
0.025586480274796486
0.019770851358771324
0.015181008726358414
0.011583922430872917
0.008784949779510498
0.006622219458222389
0.004962568171322346
0.003697659820318222
0.002740307245403528
0.0020217355340719223
0.0014926890144124627
0.001151830772869289
0.0013306657783687115
0.005833149421960115
0.0633552297949791
0.5397819876670837
0.7892383933067322
0.8491733074188232
0.8666628003120422
0.8713899254798889
0.8705796003341675
0.8662906885147095
0.8591410517692566
0.8492993712425232
0.8367732167243958
0.8214830160140991
0.8032799959182739
0.7819374203681946
0.7571322917938232
0.7284072041511536
0.6951116323471069
0.6563025116920471
0.6105779409408569
0.555808961391449
0.48918628692626953
0.4109174311161041
0.33178791403770447
0.25887662172317505
0.19588248431682587
0.14842690527439117
0.11651097238063812
0.09022998809814453
0.06944053620100021
0.05314255878329277
0.04043126106262207
0.030593685805797577
0.023026617243885994
0.01724439673125744
0.012853321619331837
0.009537682868540287
0.007047693245112896
0.005187324248254299
0.0038040748331695795
0.002780249807983637
0.002025679452344775
0.0014717691810801625
0.001066719414666295
0.0007717994740232825
0.0005588360945694149
0.0004108743742108345
0.00034158152993768454
0.000570957432501018
0.003277416108176112
0.033599235117435455
0.3870016932487488
0.7449039816856384
0.8299064040184021
0.8520172834396362
0.856645941734314
0.8543987274169922
0.8482094407081604
0.8389291167259216
0.8267773985862732
0.8117368221282959
0.7936728596687317
0.7723663449287415
0.7475094795227051
0.7186848521232605
0.6853252053260803
0.6466507315635681
0.6015707850456238
0.5485530495643616
0.4858359098434448
0.41429540514945984
0.34248998761177063
0.2757933735847473
0.2164083868265152
0.16802598536014557
0.13454696536064148
0.10740256309509277
0.08531152456998825
0.06743539869785309
0.05303863808512688
0.04150977358222008
0.03232552856206894
0.025055965408682823
0.019331205636262894
0.014846148900687695
0.01135098934173584
0.008641313761472702
0.0065508452244102955
0.004945885855704546
0.0037196986377239227
0.002788062207400799
0.0020870838779956102
0.0015810339245945215
0.0013400668976828456
0.0022273289505392313
0.012838819995522499
0.13237105309963226
0.6247289776802063
0.7854716181755066
0.8228757977485657
0.8287293314933777
0.8237170577049255
0.8134422302246094
0.7995301485061646
0.7823749780654907
0.7619170546531677
0.7378971576690674
0.7099014520645142
0.6773427128791809
0.6393961906433105
0.5948784947395325
0.5420987606048584
0.47912558913230896
0.40727120637893677
0.33543145656585693
0.26860007643699646
0.20912130177021027
0.16139830648899078
0.1285884976387024
0.1022234633564949
0.08035051822662354
0.06285165250301361
0.048847995698451996
0.03773850202560425
0.028985394164919853
0.022134246304631233
0.01680854894220829
0.012695754878222942
0.0095398323610425
0.007133035454899073
0.005308325868099928
0.003932650666683912
0.0029010633006691933
0.0021314651239663363
0.0015601253835484385
0.0011379425413906574
0.0008273787098005414
0.000599991821218282
0.0004345976049080491
0.00031660511740483344
0.00024246695102192461
0.0002612127864267677
0.00086064578499645
0.007166551426053047
0.08156853914260864
0.5772322416305542
0.792779803276062
0.8469143509864807
0.863555908203125
0.8684489727020264
0.8680691719055176
0.864292562007904
0.8577017784118652
0.8484593629837036
0.8365724682807922
0.8219650387763977
0.8045047521591187
0.7839987277984619
0.7601835131645203
0.7327032089233398
0.7010738849639893
0.6646314859390259
0.62245774269104
0.573248565196991
0.5152824521064758
0.4474257826805115
0.3749869763851166
0.305850625038147
0.2428736537694931
0.1890561431646347
0.14883217215538025
0.1194143071770668
0.09481509029865265
0.07509343326091766
0.05910692363977432
0.04629287123680115
0.0360674113035202
0.02796086110174656
0.021570786833763123
0.016561955213546753
0.012657408602535725
0.009629874490201473
0.007294727023690939
0.005502934567630291
0.004135225899517536
0.0030979609582573175
0.002323873806744814
0.0018028770573437214
0.0018546422943472862
0.005720355082303286
0.048459891229867935
0.443744421005249
0.7423209547996521
0.8121494650840759
0.8264995217323303
0.8239081501960754
0.8143446445465088
0.8005732297897339
0.7833378314971924
0.7626861929893494
0.7383805513381958
0.7099925875663757
0.6768958568572998
0.6381908655166626
0.5925676822662354
0.5381403565406799
0.472805380821228
0.3986804187297821
0.3254533112049103
0.2578360140323639
0.1987784206867218
0.15188106894493103
0.12188850343227386
0.09563519805669785
0.0747472494840622
0.058029063045978546
0.044764332473278046
0.034322019666433334
0.02616066485643387
0.019825512543320656
0.014941776171326637
0.011201152577996254
0.008354012854397297
0.006200034637004137
0.004579924512654543
0.003368126694113016
0.0024665400851517916
0.0017991421045735478
0.001307472470216453
0.0009469166398048401
0.0006836862885393202
0.0004924249951727688
0.0003544798237271607
0.0002574854879640043
0.0002013022021856159
0.00025361558073200285
0.001091559766791761
0.010211996734142303
0.12582407891750336
0.6397165656089783
0.8117471933364868
0.8567817211151123
0.8716427087783813
0.8767694234848022
0.8772268891334534
0.8744654655456543
0.8689631223678589
0.8608735799789429
0.8502141237258911
0.8369338512420654
0.8209285736083984
0.8020421862602234
0.7800586819648743
0.7546823620796204
0.7255116701126099
0.6919975280761719
0.6533814072608948
0.6085985898971558
0.5561291575431824
0.49411335587501526
0.42264726758003235
0.34978267550468445
0.2817080020904541
0.22096532583236694
0.17069457471370697
0.1364242136478424
0.10825103521347046
0.08588857203722
0.06763758510351181
0.05302854999899864
0.041349850594997406
0.03208545222878456
0.024778200313448906
0.019044607877731323
0.014570320956408978
0.01109776459634304
0.008416278287768364
0.006356105674058199
0.0047812568955123425
0.0035838752519339323
0.002681075595319271
0.002022002125158906
0.0016678866231814027
0.002542691072449088
0.014378071762621403
0.15220975875854492
0.6428508758544922
0.7920271158218384
0.826492965221405
0.8313888311386108
0.8259667754173279
0.815422773361206
0.8012192249298096
0.7836716175079346
0.7626993060112
0.738010823726654
0.7091426253318787
0.6754237413406372
0.6358872056007385
0.5891079306602478
0.5330188870429993
0.4654376208782196
0.38953593373298645
0.31547003984451294
0.24753211438655853
0.1894174963235855
0.1470130831003189
0.11562363803386688
0.09046973288059235
0.0702878013253212
0.054286301136016846
0.04167292267084122
0.03179679065942764
0.02411976456642151
0.01819503866136074
0.01365223154425621
0.010190707631409168
0.007569131441414356
0.0055953324772417545
0.004117694217711687
0.0030174721032381058
0.002202454721555114
0.0016016409499570727
0.0011607882333919406
0.0008387953275814652
0.0006048731738701463
0.0004367339424788952
0.0003217075136490166
0.0002752187428995967
0.0005028641317039728
0.0030059856362640858
0.030360274016857147
0.36317867040634155
0.7383297085762024
0.8293386697769165
0.8541191220283508
0.8607228994369507
0.8604029417037964
0.8561950922012329
0.8489935398101807
0.8390503525733948
0.8264026045799255
0.8109796643257141
0.7926380038261414
0.771161675453186
0.7462552189826965
0.7175186276435852
0.6844081878662109
0.6461794376373291
0.6017944812774658
0.5497946739196777
0.4884839653968811
0.4184194803237915
0.3475545346736908
0.28131288290023804
0.22201019525527954
0.17246757447719574
0.1386469006538391
0.11043848097324371
0.0881369560956955
0.06980126351118088
0.0550268292427063
0.04315739497542381
0.033682432025671005
0.026162022724747658
0.02022584341466427
0.015565100125968456
0.011925662867724895
0.009098578244447708
0.006913227029144764
0.0052319737151265144
0.0039445823058485985
0.0029633636586368084
0.0022193212062120438
0.0016600046074017882
0.0012545813806355
0.0010513218585401773
0.0017141560092568398
0.010211356915533543
0.11137529462575912
0.6105359196662903
0.7911104559898376
0.8348157405853271
0.8449521660804749
0.8437640070915222
0.8372290730476379
0.8270659446716309
0.8137725591659546
0.7974103093147278
0.7778406739234924
0.7548015117645264
0.7279081344604492
0.69661545753479
0.6601536273956299
0.6174227595329285
0.5668073892593384
0.5061389207839966
0.4343884587287903
0.3589504659175873
0.2877218425273895
0.22393664717674255
0.17079856991767883
0.13499459624290466
0.10625223815441132
0.08310739696025848
0.06463274359703064
0.049955859780311584
0.03838002681732178
0.029313409700989723
0.02225896529853344
0.01680823601782322
0.012624237686395645
0.009432625956833363
0.007012778893113136
0.005188877694308758
0.0038219226989895105
0.002802983159199357
0.0020474072080105543
0.0014899781672284007
0.0010809832019731402
0.0007834683055989444
0.000573835801333189
0.0004626970912795514
0.0006913759862072766
0.003765885950997472
0.03923528641462326
0.42568373680114746
0.7550919055938721
0.8332499861717224
0.8550083041191101
0.8606360554695129
0.8597506284713745
0.8550841808319092
0.8474655747413635
0.8371313214302063
0.8240941762924194
0.8082646131515503
0.789478600025177
0.7674992084503174
0.7419976592063904
0.7125220894813538
0.6784467101097107
0.6388955116271973
0.5926176905632019
0.5378366112709045
0.47263962030410767
0.39923548698425293
0.32695266604423523
0.2602424919605255
0.20183269679546356
0.15549008548259735
0.12484018504619598
0.09893946349620819
0.0778786912560463
0.06100296974182129
0.04751752316951752
0.03682350367307663
0.028394874185323715
0.021785644814372063
0.016633760184049606
0.012641733512282372
0.009565204381942749
0.007206418551504612
0.005406995769590139
0.004040930420160294
0.0030087039340287447
0.002232277300208807
0.0016509859124198556
0.0012184743536636233
0.0009021781734190881
0.0006961805047467351
0.0007369348895736039
0.002397483680397272
0.020303785800933838
0.24317783117294312
0.6958983540534973
0.8116225600242615
0.8402155637741089
0.8453856110572815
0.8419955372810364
0.834086537361145
0.8228443264961243
0.8085713982582092
0.7912493348121643
0.7707006931304932
0.7466325759887695
0.7186333537101746
0.6861359477043152
0.6483563184738159
0.6041905283927917
0.5520654320716858
0.49008509516716003
0.41862791776657104
0.34608450531959534
0.2783716022968292
0.21794778108596802
0.1684357225894928
0.13433347642421722
0.10677986592054367
0.08437339216470718
0.06632737815380096
0.051852721720933914
0.04031671956181526
0.03118232823908329
0.023994211107492447
0.018370771780610085
0.013996678404510021
0.010613644495606422
0.008011632598936558
0.006021025590598583
0.004505993332713842
0.0033586611971259117
0.002494103042408824
0.0018461279105395079
0.0013644854770973325
0.0010165718849748373
0.0008159071439877152
0.0010641006520017982
0.004578020423650742
0.04084135964512825
0.4088931977748871
0.7351498603820801
0.8117879629135132
0.8290891647338867
0.8289409279823303
0.8218051195144653
0.8105707764625549
0.7960325479507446
0.7783232927322388
0.7573180794715881
0.7327321171760559
0.7041471600532532
0.6709840297698975
0.6324412822723389
0.5873925089836121
0.5342845916748047
0.47152021527290344
0.4012644588947296
0.3319135010242462
0.2675025463104248
0.21008509397506714
0.16380909085273743
0.13141152262687683
0.10520109534263611
0.08353845030069351
0.06595239788293839
0.05178117752075195
0.04043091833591461
0.031392522156238556
0.024242648854851723
0.018623709678649902
0.014234852977097034
0.010827260091900826
0.008196281269192696
0.006176082883030176
0.004633323289453983
0.003461299231275916
0.002575343009084463
0.0019088434055447578
0.0014097793027758598
0.0010378466686233878
0.0007622071425430477
0.0005601816228590906
0.0004192137566860765
0.0003590487176552415
0.00061831995844841
0.0034316552337259054
0.03324214369058609
0.3729014992713928
0.7341176271438599
0.8224404454231262
0.8458040356636047
0.8507979512214661
0.848673403263092
0.8425300121307373
0.833316445350647
0.8213037252426147
0.8064944744110107
0.7887724041938782
0.767940104007721
0.7437249422073364
0.7157574892044067
0.6835358142852783
0.646378219127655
0.6033436059951782
0.5531119108200073
0.49411022663116455
0.42640018463134766
0.3569278120994568
0.2913275957107544
0.23199963569641113
0.1811436265707016
0.14525355398654938
0.11633744835853577
0.09276413917541504
0.07371089607477188
0.05816549435257912
0.04564680531620979
0.0356198251247406
0.027640340849757195
0.021333009004592896
0.016378194093704224
0.012509643100202084
0.009507068432867527
0.007190430071204901
0.005413226317614317
0.004057467915117741
0.0030292279552668333
0.0022552055306732655
0.001683153910562396
0.0013024534564465284
0.0013061072677373886
0.003438310930505395
0.024145225062966347
0.24612948298454285
0.6686686277389526
0.7781367897987366
0.8006582260131836
0.7987911701202393
0.787776529788971
0.7718175053596497
0.7520191073417664
0.728529691696167
0.7010818719863892
0.6691778302192688
0.6320842504501343
0.5887706279754639
0.5378299951553345
0.47776010632514954
0.40993982553482056
0.3421035706996918
0.278584748506546
0.22138868272304535
0.1731072962284088
0.13994719088077545
0.11193577945232391
0.08967011421918869
0.0712893158197403
0.05636831000447273
0.04433147981762886
0.03468511626124382
0.026998497545719147
0.020912302657961845
0.016121352091431618
0.012371187098324299
0.009451467543840408
0.007190058473497629
0.005447214934974909
0.004110403824597597
0.0030896971002221107
0.0023137531243264675
0.0017263517947867513
0.0012834762455895543
0.0009508956572972238
0.0007022264180704951
0.0005175420083105564
0.00038312404649332166
0.000296502752462402
0.000307701324345544
0.0008664330234751105
0.006316229235380888
0.06631418317556381
0.5280506610870361
0.775212824344635
0.8348755240440369
0.8511924743652344
0.8545257449150085
0.8522656559944153
0.8464809060096741
0.8377849459648132
0.8263410925865173
0.8121240735054016
0.7950236797332764
0.7748552560806274
0.751368522644043
0.7242265343666077
0.6929725408554077
0.6569907069206238
0.6154384613037109
0.5671365261077881
0.510582447052002
0.44496187567710876
0.37542489171028137
0.30892810225486755
0.2479468435049057
0.1952207386493683
0.1525922566652298
0.1246119886636734
0.10007745772600174
0.07975000888109207
0.06333936005830765
0.050019968301057816
0.03931126371026039
0.03074249066412449
0.0239262618124485
0.01853543147444725
0.014295254833996296
0.010977055877447128
0.008393854834139347
0.00639547873288393
0.004915514960885048
0.005066560581326485
0.03266244754195213
0.4911626875400543
0.825918436050415
0.8953375220298767
0.9182033538818359
0.9297993183135986
0.9372934699058533
0.9424083828926086
0.9456072449684143
0.9470328092575073
0.9467432498931885
0.9447731375694275
0.9411507248878479
0.9359016418457031
0.929050624370575
0.9206221103668213
0.9106395840644836
0.8991256356239319
0.8861016035079956
0.8715866804122925
0.8555972576141357
0.8381457328796387
0.8192381858825684
0.7988719940185547
0.777030348777771
0.7536736130714417
0.7287213206291199
0.702010989189148
0.6731898188591003
0.6413986086845398
0.6042293310165405
0.5542881488800049
0.4707387685775757
0.34114840626716614
0.21120749413967133
0.1265043467283249
0.08024092763662338
0.0504121370613575
0.031896721571683884
0.02548764832317829
0.0819021612405777
0.48218998312950134
0.6794439554214478
0.7022402882575989
0.6763178706169128
0.6333678960800171
0.5812235474586487
0.5203975439071655
0.44989049434661865
0.37470629811286926
0.30311015248298645
0.2384384572505951
0.18400229513645172
0.14594678580760956
0.11652327328920364
0.09303111582994461
0.07415825873613358
0.058960091322660446
0.046759046614170074
0.03700252249836922
0.0292265135794878
0.023079460486769676
0.01859995722770691
0.022880295291543007
0.23191936314105988
0.7756429314613342
0.8767416477203369
0.8948642015457153
0.8939948081970215
0.8866194486618042
0.8759782910346985
0.8629332780838013
0.8475454449653625
0.8295309543609619
0.8084939122200012
0.7840644121170044
0.7558949589729309
0.7235046029090881
0.6859241724014282
0.6408784985542297
0.5819774866104126
0.4855308532714844
0.3195340633392334
0.16426648199558258
0.09448830038309097
0.05585332214832306
0.03331543877720833
0.020023835822939873
0.012114265002310276
0.007371699437499046
0.0045094876550138
0.0027721503283828497
0.0017121233977377415
0.0010622574482113123
0.0006620517815463245
0.000414527312386781
0.0002607855712994933
0.00016488875553477556
0.00010481401113793254
6.701096572214738e-05
4.311008160584606e-05
2.7924759706365876e-05
1.8269867723574862e-05
1.2943986803293228e-05
2.6444731702213176e-05
0.0003708562580868602
0.0073248352855443954
0.1475253403186798
0.7336883544921875
0.8749129176139832
0.9136698246002197
0.935272753238678
0.9509286284446716
0.962754487991333
0.9718960523605347
0.9789299964904785
0.9841433167457581
0.9876843094825745
0.9896351099014282
0.9900455474853516
0.9889469146728516
0.9863602519035339
0.9823000431060791
0.9767769575119019
0.9698002338409424
0.9613779187202454
0.9515168070793152
0.9402210116386414
0.927490770816803
0.9133201837539673
0.8976952433586121
0.8805912137031555
0.8619691133499146
0.841774046421051
0.8199456334114075
0.7964360117912292
0.7711893320083618
0.7440671324729919
0.7147353887557983
0.6825001835823059
0.646028995513916
0.6026557087898254
0.5464867949485779
0.4658241868019104
0.3591858148574829
0.2516769766807556
0.15870298445224762
0.10574396699666977
0.06880247592926025
0.04434080421924591
0.02846168726682663
0.018338540568947792
0.012151695787906647
0.00881646666675806
0.007619856391102076
0.007855696603655815
0.008640904910862446
0.009327918291091919
0.009710468351840973
0.011399591341614723
0.04855487868189812
0.5617911219596863
0.8389047980308533
0.8929029703140259
0.9037666320800781
0.9011079668998718
0.8921524882316589
0.8796002268791199
0.8647555708885193
0.8482543230056763
0.8303503394126892
0.8110745549201965
0.7903175354003906
0.767863929271698
0.7434031367301941
0.7165163159370422
0.6866074800491333
0.6527184247970581
0.6130672693252563
0.563734769821167
0.4956744909286499
0.3981262147426605
0.2873983681201935
0.17997051775455475
0.11412596702575684
0.07416169345378876
0.04826042801141739
0.0314953476190567
0.0206278245896101
0.01356238778680563
0.008951894007623196
0.005931571125984192
0.003947715274989605
0.002696134615689516
0.0030508372001349926
0.026621075347065926
0.4344823360443115
0.8021840453147888
0.8716784715652466
0.8855240941047668
0.8852223753929138
0.8801183104515076
0.8728172779083252
0.8640928268432617
0.8541753888130188
0.8431346416473389
0.8309944272041321
0.8177659511566162
0.8034584522247314
0.788081169128418
0.7716430425643921
0.7541496753692627
0.7355929613113403
0.7159125804901123
0.6948787569999695
0.6718150973320007
0.6451143026351929
0.611581563949585
0.5657442808151245
0.49989834427833557
0.41085970401763916
0.31658220291137695
0.23190735280513763
0.1655186116695404
0.12547262012958527
0.09510080516338348
0.0720512866973877
0.05450534075498581
0.04115895926952362
0.031015994027256966
0.023314915597438812
0.01747981272637844
0.013070827350020409
0.009754806756973267
0.007353064604103565
0.007303696591407061
0.042988549917936325
0.5416407585144043
0.8239971399307251
0.8778885006904602
0.8881222605705261
0.8868470191955566
0.8813786506652832
0.8737058639526367
0.8644416332244873
0.8537948131561279
0.8418455123901367
0.8286319375038147
0.8141781687736511
0.7985024452209473
0.7816206216812134
0.7635465860366821
0.7442929744720459
0.7238708138465881
0.7022895216941833
0.6795555353164673
0.6556686758995056
0.6305989027023315
0.6041375398635864
0.5754289031028748
0.541379988193512
0.4903661608695984
0.3960185945034027
0.2754548192024231
0.1620054841041565
0.10412681847810745
0.0671483725309372
0.04319155961275101
0.02776734158396721
0.017858268693089485
0.01149583887308836
0.007409322541207075
0.004782432224601507
0.003091903403401375
0.0020025072153657675
0.0012994363205507398
0.0008449518354609609
0.0005506477318704128
0.00035974584170617163
0.00023642963788006455
0.0001739135623211041
0.0005399897927418351
0.010042228735983372
0.22796179354190826
0.7730555534362793
0.8813953995704651
0.9074249267578125
0.9155834913253784
0.918219268321991
0.9184013605117798
0.9169763326644897
0.9141976833343506
0.9101504683494568
0.9048696160316467
0.898374617099762
0.8906803131103516
0.8817996978759766
0.8717451095581055
0.8605285882949829
0.8481616377830505
0.8346552848815918
0.8200201988220215
0.8042665719985962
0.7874042987823486
0.7694425582885742
0.7503896355628967
0.7302530407905579
0.7090385556221008
0.6867492198944092
0.6633825898170471
0.6389144062995911
0.613193690776825
0.5855906009674072
0.5538457036018372
0.5093525648117065
0.4286046624183655
0.31511327624320984
0.20386767387390137
0.13162441551685333
0.09097003191709518
0.06297992914915085
0.043735675513744354
0.030496736988425255
0.02163534052670002
0.01871185004711151
0.05594754219055176
0.4554958939552307
0.7329556345939636
0.7850404381752014
0.7857279181480408
0.775951623916626
0.7639485597610474
0.7504397034645081
0.7352235317230225
0.7181159853935242
0.6989403963088989
0.677413284778595
0.6529791355133057
0.6245011687278748
0.5895622372627258
0.5430006384849548
0.4753512442111969
0.3833490014076233
0.286484032869339
0.19827204942703247
0.13843879103660583
0.09950616210699081
0.070677749812603
0.04937995225191116
0.03400253877043724
0.023164281621575356
0.015660123899579048
0.010528545826673508
0.007050611078739166
0.004713140893727541
0.0032378188334405422
0.004016502294689417
0.038622260093688965
0.516253650188446
0.8140333294868469
0.8694394826889038
0.8783875107765198
0.8748993873596191
0.8669172525405884
0.8566722869873047
0.8448002338409424
0.8314527273178101
0.8166128396987915
0.8001734614372253
0.7819412350654602
0.7616041302680969
0.7386707663536072
0.7123721241950989
0.6815026998519897
0.6441548466682434
0.5972501039505005
0.535878598690033
0.4545842707157135
0.3607810139656067
0.2722484767436981
0.19672611355781555
0.14542156457901
0.10992085188627243
0.08310698717832565
0.06272589415311813
0.047191157937049866
0.03539557009935379
0.02645997144281864
0.01971198432147503
0.014631582424044609
0.010819531045854092
0.007969372905790806
0.005846348591148853
0.0042710984125733376
0.0031069894321262836
0.0022503389045596123
0.0016227579908445477
0.001165176508948207
0.0008332045399583876
0.0005935867084190249
0.00042165740160271525
0.00030207738745957613
0.0002809001598507166
0.001524863881058991
0.027749380096793175
0.4648215174674988
0.8190991282463074
0.891787588596344
0.9153262972831726
0.9273128509521484
0.9353941082954407
0.9413970708847046
0.9458078742027283
0.9487698674201965
0.9503345489501953
0.9505277276039124
0.9493678212165833
0.9468704462051392
0.9430491328239441
0.9379172325134277
0.9314873218536377
0.9237717986106873
0.9147824645042419
0.9045308828353882
0.8930282592773438
0.8802853226661682
0.8663118481636047
0.8511171340942383
0.8347097039222717
0.8170966506004333
0.7982833981513977
0.7782732844352722
0.757066011428833
0.7346563339233398
0.7110304832458496
0.686160147190094
0.6599886417388916
0.6323908567428589
0.6029590964317322
0.5702008605003357
0.5287443399429321
0.4600510001182556
0.34743744134902954
0.22746962308883667
0.13766442239284515
0.09154439717531204
0.061924658715724945
0.04877934604883194
0.0708114504814148
0.17672011256217957
0.274556428194046
0.25513240694999695
0.2042909413576126
0.15929783880710602
0.12831033766269684
0.10287509858608246
0.08207738399505615
0.06525300443172455
0.051814883947372437
0.04103962704539299
0.0324445515871048
0.0256058182567358
0.020178310573101044
0.015881644561886787
0.012487940490245819
0.009813178330659866
0.0077105420641601086
0.006064767949283123
0.004787675105035305
0.0038164150901138783
0.003115627449005842
0.0026874151080846786
0.0025950151029974222
0.0030091109219938517
0.004272984806448221
0.006985627114772797
0.012439059093594551
0.02560233138501644
0.062400367110967636
0.14977654814720154
0.2575809061527252
0.2778947353363037
0.262768030166626
0.23966486752033234
0.21391655504703522
0.18843470513820648
0.16466699540615082
0.14670251309871674
0.1276329755783081
0.11033846437931061
0.0949920043349266
0.08091894537210464
0.06831551343202591
0.05709598958492279
0.04720057174563408
0.03856944292783737
0.031159119680523872
0.024919459596276283
0.019759414717555046
0.015558837912976742
0.012182654812932014
0.009495502337813377
0.007373414468020201
0.005707941483706236
0.0044076330959796906
0.003397031221538782
0.0026147516909986734
0.0020114185754209757
0.0015475971158593893
0.0011920076794922352
0.0009200014756061137
0.0007122893584892154
0.0005538931582123041
0.00043328976607881486
0.0003418721607886255
0.0002764746604952961
0.00030037653050385416
0.0017942801350727677
0.03372088074684143
0.5285120010375977
0.8478994965553284
0.9193426966667175
0.9489546418190002
0.9688854813575745
0.9852190613746643
0.9992247819900513
1.011216402053833
1.0213104486465454
1.0295833349227905
1.0360990762710571
1.0409126281738281
1.0440706014633179
1.0456124544143677
1.0455708503723145
1.0439732074737549
1.0408416986465454
1.0361939668655396
1.0300439596176147
1.0224018096923828
1.0132744312286377
1.0026648044586182
0.9905732274055481
0.976996898651123
0.9619295001029968
0.9453609585762024
0.9272763133049011
0.9076545834541321
0.8864656686782837
0.8636656403541565
0.8391884565353394
0.8129284977912903
0.7847061157226562
0.7541961669921875
0.7207807302474976
0.6832271218299866
0.638893187046051
0.5813232064247131
0.493308961391449
0.3591356575489044
0.22532926499843597
0.1344715654850006
0.08580095320940018
0.05431684851646423
0.034190673381090164
0.021450955420732498
0.013436902314424515
0.008412868715822697
0.005268406122922897
0.0033013438805937767
0.0020706027280539274
0.001300089294090867
0.0008172765956260264
0.0005144185270182788
0.0003242210950702429
0.00020470305753406137
0.00013113701425027102
0.00012007496115984395
0.0008521163836121559
0.016833120957016945
0.45306092500686646
0.9380332827568054
0.9684262275695801
0.9724803566932678
0.9724742770195007
0.9712790250778198
0.9693118929862976
0.9665276408195496
0.9628195762634277
0.9581008553504944
0.9523124694824219
0.9454165697097778
0.9373902082443237
0.928220272064209
0.9179002642631531
0.9064282774925232
0.8938053846359253
0.8800349831581116
0.8651225566864014
0.8490741848945618
0.8318970799446106
0.8135991096496582
0.7941883206367493
0.7736733555793762
0.7520625591278076
0.7293645739555359
0.7055879235267639
0.6807408928871155
0.6548315286636353
0.6278622150421143
0.5997242331504822
0.5698732137680054
0.5365700125694275
0.49417844414711
0.4225960075855255
0.3065849542617798
0.18339069187641144
0.10821226239204407
0.06898428499698639
0.04407928138971329
0.028211010619997978
0.018075890839099884
0.01159153413027525
0.0074379523284733295
0.004775111563503742
0.003066940465942025
0.001970677636563778
0.001266863546334207
0.000814853934571147
0.0005244581843726337
0.00033781721140258014
0.00021780290990136564
0.00014058558735996485
9.086803765967488e-05
5.882848927285522e-05
3.8159250834723935e-05
2.480849616404157e-05
1.6175730706891045e-05
1.0636887964210473e-05
7.897865543782245e-06
2.0680396119132638e-05
0.0002927276655100286
0.005478762090206146
0.10534236580133438
0.6835091710090637
0.8578967452049255
0.9011234641075134
0.9182591438293457
0.9281911253929138
0.9352083206176758
0.940412700176239
0.9441078901290894
0.9463852643966675
0.9472766518592834
0.9467949867248535
0.9449464082717896
0.9417332410812378
0.9371546506881714
0.9312058687210083
0.9238770604133606
0.9151521325111389
0.9050062894821167
0.893403172492981
0.8802903890609741
0.8655930161476135
0.8492043018341064
0.8309716582298279
0.8106750249862671
0.7879942059516907
0.762457013130188
0.7333570718765259
0.6996208429336548
0.6595876812934875
0.610639750957489
0.5486583113670349
0.4687063992023468
0.3754960000514984
0.2865016460418701
0.21003863215446472
0.15183879435062408
0.11754757165908813
0.08984826505184174
0.06843333691358566
0.05206867307424545
0.03958326578140259
0.030057404190301895
0.02285744436085224
0.018578140065073967
0.040068432688713074
0.4731331765651703
0.8075029253959656
0.8686081767082214
0.8785768151283264
0.8750056624412537
0.8666256666183472
0.855827271938324
0.8433022499084473
0.8292437791824341
0.8136760592460632
0.7965445518493652
0.7777557373046875
0.7572096586227417
0.7348138093948364
0.7104655504226685
0.6839916110038757
0.6550024747848511
0.6224778294563293
0.5834389925003052
0.5292940735816956
0.4414985775947571
0.32478946447372437
0.2124800831079483
0.1344541758298874
0.0888206884264946
0.0577780082821846
0.037282127887010574
0.02396940253674984
0.015389122068881989
0.009878884069621563
0.006345374975353479
0.004080021753907204
0.002626995090395212
0.001694132573902607
0.0010944773675873876
0.000708449340891093
0.00045956508256495
0.0002991917135659605
0.00020126171875745058
0.0002323133230675012
0.001854325644671917
0.03129018098115921
0.4625408351421356
0.8025436401367188
0.8721569180488586
0.8906422853469849
0.896213948726654
0.8974071741104126
0.8964726328849792
0.8940560221672058
0.8903465270996094
0.885397732257843
0.879219651222229
0.8718073964118958
0.863149106502533
0.853226363658905
0.8420128226280212
0.8294690847396851
0.815537691116333
0.8001363277435303
0.7831467986106873
0.7643760442733765
0.7434658408164978
0.7197339534759521
0.6919650435447693
0.6581587195396423
0.6152136921882629
0.5586065649986267
0.483111709356308
0.39136064052581787
0.3016791343688965
0.22372077405452728
0.16412392258644104
0.12622366845607758
0.09753698855638504
0.07555422931909561
0.05851355195045471
0.0453265979886055
0.0351208858191967
0.027219969779253006
0.021099543198943138
0.016356704756617546
0.01268007978796959
0.009828676469624043
0.007616731338202953
0.0059006186202168465
0.004569150973111391
0.003536241129040718
0.002735337009653449
0.002114842412993312
0.0016344652976840734
0.0012625952949747443
0.0009745862917043269
0.0007514096214435995
0.0005784472450613976
0.0004444613878149539
0.00034077768214046955
0.000260668050032109
0.00019889311806764454
0.00015136259025894105
0.00011488063319120556
8.695089491084218e-05
6.56256452202797e-05
4.938785423291847e-05
3.705853669089265e-05
2.772359766822774e-05
2.0676228814409114e-05
1.5371429981314577e-05
1.1390232430130709e-05
8.411549970332999e-06
6.190039584907936e-06
4.538768280326622e-06
3.3156782137666596e-06
2.413086576780188e-06
1.7495748352303053e-06
1.2637531199288787e-06
9.094771939999191e-07
6.521831323880178e-07
4.660823549329507e-07
3.320159294162295e-07
2.3583120878356567e-07
1.6748427356105822e-07
1.2788039782662963e-07
3.022250609774346e-07
4.99520547236898e-06
0.00011218879808438942
0.0025615112390369177
0.05916067585349083
0.6369609236717224
0.8708168268203735
0.9294116497039795
0.9587600231170654
0.9814138412475586
1.0016196966171265
1.020159125328064
1.0371547937393188
1.052626132965088
1.0666002035140991
1.0791263580322266
1.0902464389801025
1.0999798774719238
1.1083308458328247
1.1152966022491455
1.1208747625350952
1.125064730644226
1.1278687715530396
1.129291296005249
1.1293388605117798
1.1280198097229004
1.1253432035446167
1.1213188171386719
1.1159577369689941
1.1092709302902222
1.1012694835662842
1.0919657945632935
1.0813719034194946
1.0694997310638428
1.0563621520996094
1.0419715642929077
1.026340126991272
1.009480595588684
0.9914054274559021
0.972126841545105
0.9516569375991821
0.9300076961517334
0.9071906208992004
0.8832168579101562
0.8580965995788574
0.831838846206665
0.804450273513794
0.7759342789649963
0.7462878823280334
0.7154955267906189
0.6835142374038696
0.6502287983894348
0.6152578592300415
0.5770350098609924
0.5295010209083557
0.4530513882637024
0.33722150325775146
0.21797746419906616
0.13454000651836395
0.11119526624679565
0.14105212688446045
0.11842933297157288
0.08259783685207367
0.05623234435915947
0.038054633885622025
0.025700299069285393
0.017347216606140137
0.01171109825372696
0.007910543121397495
0.0053475396707654
0.0036182182375341654
0.002450494561344385
0.001661263988353312
0.001127320807427168
0.0007657258538529277
0.0005206026253290474
0.00035427106195129454
0.00024129603116307408
0.00016448984388262033
0.00011222573084523901
7.6630363764707e-05
5.23667513334658e-05
3.581361306714825e-05
2.4511491574230604e-05
1.6788471839390695e-05
1.150701518781716e-05
7.892735993664246e-06
5.42297766514821e-06
3.847929747280432e-06
5.245570719125681e-06
5.900528412894346e-05
0.0012301604729145765
0.026447372511029243
0.4785240590572357
0.843543291091919
0.9201858043670654
0.9486463665962219
0.9656240344047546
0.9783885478973389
0.988724410533905
0.9971610307693481
1.0039291381835938
1.0091660022735596
1.012934923171997
1.0152556896209717
1.0161328315734863
1.0155689716339111
1.0135688781738281
1.010138988494873
1.0052871704101562
0.9990214705467224
0.9913496375083923
0.9822776913642883
0.971808910369873
0.959942102432251
0.946668803691864
0.9319703578948975
0.915813148021698
0.8981413841247559
0.8788671493530273
0.8578557968139648
0.8349027633666992
0.8096989989280701
0.781775176525116
0.750411331653595
0.7144834399223328
0.6721954345703125
0.6205813884735107
0.5545896887779236
0.46719256043434143
0.3640630543231964
0.26885923743247986
0.19194380939006805
0.14701497554779053
0.12045157700777054
0.09984619915485382
0.08424945175647736
0.07109061628580093
0.05873363837599754
0.04738108813762665
0.03745577484369278
0.02912922203540802
0.02237219363451004
0.017028160393238068
0.012881082482635975
0.009706132113933563
0.007297439966350794
0.005480674095451832
0.004115200135856867
0.0030909269116818905
0.0023233378306031227
0.0017485158750787377
0.0013187711592763662
0.0009994269348680973
0.0007676446693949401
0.0006166546954773366
0.0005813036113977432
0.0008701318874955177
0.0027660916093736887
0.017874091863632202
0.4046597480773926
0.8663315176963806
0.9087857604026794
0.9057770371437073
0.8947221040725708
0.8827019333839417
0.8708344101905823
0.8587376475334167
0.8457610011100769
0.8312758207321167
0.8147251605987549
0.7956119775772095
0.7734734416007996
0.7478359937667847
0.7181394100189209
0.683623194694519
0.6431095004081726
0.5945107936859131
0.5336287617683411
0.45278501510620117
0.3520040214061737
0.24460919201374054
0.15094532072544098
0.10259579867124557
0.06970429420471191
0.04778411239385605
0.03311289846897125
0.02437763661146164
0.03613107278943062
0.26055648922920227
0.6514812707901001
0.7425646781921387
0.746326744556427
0.7243735194206238
0.6922990679740906
0.6541064977645874
0.6101841330528259
0.559563398361206
0.5009241700172424
0.43457016348838806
0.3668350279331207
0.3035166561603546
0.2466948926448822
0.19796249270439148
0.15898343920707703
0.13254669308662415
0.109700046479702
0.09078316390514374
0.07503045350313187
0.061911121010780334
0.051001425832509995
0.041940655559301376
0.03443324938416481
0.028214531019330025
0.023066446185112
0.018812546506524086
0.015302276238799095
0.012411256320774555
0.010034941136837006
0.00808609277009964
0.006491492036730051
0.005190256983041763
0.0041314964182674885
0.0032727904617786407
0.002578704385086894
0.002019648440182209
0.001571041764691472
0.0012125307694077492
0.0009273157920688391
0.0007016799645498395
0.0005250131362117827
0.0003981534391641617
0.0005270387628115714
0.005574589595198631
0.11750885844230652
0.7280125617980957
0.8849828839302063
0.9268494248390198
0.9476903676986694
0.9627344608306885
0.9751986265182495
0.9858271479606628
0.9947925806045532
1.0021462440490723
1.0079164505004883
1.0121294260025024
1.0148117542266846
1.0159883499145508
1.0156835317611694
1.013920545578003
1.0107208490371704
1.0061057806015015
1.000095009803772
0.9927084445953369
0.983965277671814
0.9738847613334656
0.9624849557876587
0.9497842192649841
0.9358004331588745
0.9205511212348938
0.9040537476539612
0.8863250017166138
0.8673811554908752
0.8472383618354797
0.8259121775627136
0.8034179210662842
0.7797706127166748
0.7549837231636047
0.729068398475647
0.7020291090011597
0.6738489866256714
0.6444365978240967
0.613386869430542
0.5790415406227112
0.5352972149848938
0.46274393796920776
0.34733274579048157
0.2263633906841278
0.13786882162094116
0.09098102152347565
0.059864867478609085
0.03966910019516945
0.030314581468701363
0.06764912605285645
0.43113547563552856
0.6741051077842712
0.7112423777580261
0.6891116499900818
0.6444957852363586
0.5864208340644836
0.5146865844726562
0.4280247986316681
0.33827632665634155
0.2570984661579132
0.18946775794029236
0.14371038973331451
0.11058684438467026
0.08531398326158524
0.0657542273402214
0.0506279394030571
0.03894735127687454
0.029933670535683632
0.02298019640147686
0.017618367448449135
0.013484835624694824
0.010298888199031353
0.00784462969750166
0.005956045817583799
0.004505500663071871
0.0033946179319173098
0.002547135576605797
0.001903531257994473
0.0014171537477523088
0.0010514140594750643
0.0007776979473419487
0.0005737505271099508
0.00042238322203047574
0.00031042101909406483
0.0002278415486216545
0.00016707545728422701
0.00012244292884133756
8.970623457571492e-05
6.572042184416205e-05
4.819442256120965e-05
3.620021016104147e-05
4.58635258837603e-05
0.0004634750366676599
0.009892714209854603
0.22274968028068542
0.7835733294487
0.8979063630104065
0.9329360723495483
0.9525899887084961
0.9677706956863403
0.9807840585708618
0.9921463131904602
1.001967430114746
1.01027512550354
1.017084002494812
1.0224076509475708
1.0262603759765625
1.0286571979522705
1.0296136140823364
1.0291454792022705
1.0272682905197144
1.023998498916626
1.0193519592285156
1.0133448839187622
1.0059939622879028
0.9973148107528687
0.9873230457305908
0.9760347008705139
0.9634653925895691
0.9496307373046875
0.9345462322235107
0.9182271361351013
0.9006882905960083
0.8819445371627808
0.8620105385780334
0.840900719165802
0.8186292052268982
0.795210599899292
0.7706581950187683
0.7449852824211121
0.7182049751281738
0.6903294324874878
0.6613689661026001
0.6313246488571167
0.6000593900680542
0.5667842626571655
0.5284695625305176
0.4722430109977722
0.36660709977149963
0.23745235800743103
0.13363222777843475
0.0848018079996109
0.05387004092335701
0.03429111838340759
0.021883679553866386
0.014021782204508781
0.009072285145521164
0.006060503888875246
0.004495079629123211
0.004303538706153631
0.005775549914687872
0.009600807912647724
0.017849411815404892
0.03574158251285553
0.06990071386098862
0.11331883817911148
0.14119593799114227
0.14357781410217285
0.1330961287021637
0.11710362881422043
0.10386572033166885
0.08983354270458221
0.07718811929225922
0.06576994061470032
0.05560753121972084
0.046688586473464966
0.03895489498972893
0.03230733424425125
0.026644274592399597
0.02185988985002041
0.01785106211900711
0.014520665630698204
0.011775138787925243
0.009526819922029972
0.007695080246776342
0.006208161357790232
0.005004267208278179
0.004031142219901085
0.003245398635044694
0.0026112792547792196
0.0020996839739382267
0.0016870772233232856
0.0013545459369197488
0.001087059499695897
0.000873307348228991
0.0007090020808391273
0.0006325301364995539
0.00113436090759933
0.008799534291028976
0.12582747638225555
0.6765546798706055
0.8452556729316711
0.8937499523162842
0.916895866394043
0.9317633509635925
0.9420722126960754
0.9488608837127686
0.9525330066680908
0.9533108472824097
0.9513506889343262
0.9467729330062866
0.9396680593490601
0.930097758769989
0.9180917143821716
0.9036487936973572
0.8867346048355103
0.8672754168510437
0.8451507091522217
0.8201770186424255
0.7920847535133362
0.7604770064353943
0.7247557640075684
0.683974027633667
0.6364932656288147
0.5789673924446106
0.5031909346580505
0.39526328444480896
0.2675183117389679
0.1520438939332962
0.09718280285596848
0.06256208568811417
0.040598928928375244
0.026523197069764137
0.0174282044172287
0.011511563323438168
0.007640021853148937
0.00509345717728138
0.0034104445949196815
0.002293214900419116
