0.4733809232711792
0.3729569911956787
0.2588613033294678
0.15900222957134247
0.10877299308776855
0.0745563805103302
0.051099590957164764
0.0350235179066658
0.024006569758057594
0.016455762088298798
0.011280438862740993
0.007733250968158245
0.005301870871335268
0.003635621163994074
0.002501982729882002
0.0018946286290884018
0.0048250495456159115
0.07271406799554825
0.6389971375465393
0.843472957611084
0.8834916949272156
0.8908861875534058
0.8890542984008789
0.8836511373519897
0.8763045072555542
0.8675118684768677
0.8574320673942566
0.846122682094574
0.8336102962493896
0.8199124932289124
0.8050439357757568
0.789018452167511
0.7718495726585388
0.7535499930381775
0.7341326475143433
0.7136103510856628
0.6919957399368286
0.6693010926246643
0.6455367207527161
0.620676577091217
0.5944938659667969
0.5661814212799072
0.5330805778503418
0.48496323823928833
0.39650917053222656
0.2817922532558441
0.17144134640693665
0.1124897226691246
0.0756295919418335
0.050848498940467834
0.034184444695711136
0.022979386150836945
0.015445495955646038
0.010380443185567856
0.006975575815886259
0.004686994478106499
0.0031488973181694746
0.002115297829732299
0.0014208004577085376
0.0009542076732032001
0.000640768208540976
0.00043024311889894307
0.0002889910829253495
0.00019686897576320916
0.00018998535233549774
0.0013017273740842938
0.02469036541879177
0.43950074911117554
0.8162047266960144
0.8890147805213928
0.9091461896896362
0.9166016578674316
0.9197762608528137
0.9207766652107239
0.9201986193656921
0.9182265400886536
0.9149275422096252
0.9103330373764038
0.9044637680053711
0.8973366618156433
0.8889675140380859
0.879370927810669
0.868561327457428
0.8565527200698853
0.8433590531349182
0.8289937376976013
0.8134704232215881
0.7968024611473083
0.7790026068687439
0.760083794593811
0.7400587201118469
0.7189399600028992
0.696739912033081
0.6734700798988342
0.6491354703903198
0.623686671257019
0.5968059301376343
0.5672678351402283
0.5304813385009766
0.47043371200561523
0.3686770796775818
0.2547021210193634
0.1563321053981781
0.10734400898218155
0.07358389347791672
0.05044441670179367
0.03458214923739433
0.023708401247859
0.016254542395472527
0.011144546791911125
0.007641264237463474
0.0052396152168512344
0.0035967358853667974
0.002543448703363538
0.0032538471277803183
0.03189603239297867
0.4833349287509918
0.8138810992240906
0.8754687905311584
0.8872531056404114
0.8860592842102051
0.8802980184555054
0.8722949624061584
0.8627527356147766
0.8518994450569153
0.8398165106773376
0.8265379667282104
0.8120830059051514
0.7964664697647095
0.7797021865844727
0.7618029713630676
0.7427815794944763
0.7226506471633911
0.7014228105545044
0.6791104078292847
0.6557252407073975
0.6312670111656189
0.6056227087974548
0.5782986283302307
0.5476910471916199
0.5079991221427917
0.4387015402317047
0.3294484615325928
0.2144947350025177
0.13233715295791626
0.0889674574136734
0.059813544154167175
0.040212757885456085
0.027032524347305298
0.018170557916164398
0.012212573550641537
0.008207345381379128
0.005515133496373892
0.0037056838627904654
0.0024896576069295406
0.0016725118039175868
0.001123457564972341
0.0007545740809291601
0.0005067635211162269
0.0003403178125154227
0.00022880522010382265
0.00015957634605001658
0.0002275565784657374
0.0025870229583233595
0.05091002956032753
0.595072329044342
0.8447903990745544
0.8968327045440674
0.912525475025177
0.9188470840454102
0.9216820597648621
0.9225844740867615
0.9219880104064941
0.9200279116630554
0.9167543053627014
0.9121927618980408
0.9063610434532166
0.8992745280265808
0.8909479975700378
0.8813948631286621
0.8706291317939758
0.8586645126342773
0.8455145359039307
0.8311926126480103
0.8157121539115906
0.7990865707397461
0.7813284993171692
0.7624508142471313
0.7424663305282593
0.7213876247406006
0.6992270946502686
0.6759963035583496
0.6517018675804138
0.6263059377670288
0.5995360016822815
0.570316731929779
0.5346347093582153
0.4780793786048889
0.3797304034233093
0.265579491853714
0.16375263035297394
0.111324742436409
0.07629096508026123
0.05228380113840103
0.03583391383290291
0.024560347199440002
0.016833674162626266
0.01153793465346098
0.007908428087830544
0.005420933477580547
0.0037176606711000204
0.0025829127989709377
0.0024452470242977142
0.014890017919242382
0.2791973948478699
0.7722663879394531
0.8675963878631592
0.8867163062095642
0.8879116773605347
0.8832541704177856
0.8759725689888
0.8670315742492676
0.8567388653755188
0.8452001810073853
0.8324573636054993
0.8185322284698486
0.8034404516220093
0.7871963977813721
0.7698129415512085
0.75130295753479
0.7316790819168091
0.710953950881958
0.6891397833824158
0.6662486791610718
0.6422899961471558
0.6172232627868652
0.5907723903656006
0.5619904398918152
0.5277079939842224
0.47564393281936646
0.38111600279808044
0.2657736539840698
0.1589396744966507
0.10640831291675568
0.07156012207269669
0.04811615124344826
0.0323491208255291
0.021747399121522903
0.014619330875575542
0.00982697308063507
0.0066051478497684
0.004439301323145628
0.002983422251418233
0.002004848560318351
0.001347145065665245
0.0009051327942870557
0.0006081011961214244
0.0004085293330717832
0.00027479074196889997
0.00019199367670807987
0.0002783043892122805
0.003203978296369314
0.06320644170045853
0.628979504108429
0.849973738193512
0.8969473242759705
0.9113202691078186
0.916861891746521
0.9190365076065063
0.9192931056022644
0.918055534362793
0.9154583811759949
0.9115513563156128
0.9063597917556763
0.8999016284942627
0.8921927809715271
0.8832480311393738
0.8730818033218384
0.8617082238197327
0.8491412997245789
0.8353947401046753
0.8204819560050964
0.8044165968894958
0.7872116565704346
0.7688800692558289
0.7494344711303711
0.7288877367973328
0.7072522640228271
0.6845401525497437
0.6607605814933777
0.6359007954597473
0.6098052263259888
0.5817825794219971
0.5492694973945618
0.5027099847793579
0.4188970923423767
0.3060089349746704
0.19657936692237854
0.1276482790708542
0.08757661283016205
0.060084689408540726
0.041221488267183304
0.02827940694987774
0.01940024457871914
0.013308643363416195
0.009129544720053673
0.006262618117034435
0.004296120721846819
0.0029513363260775805
0.0021112377289682627
0.0031514083966612816
0.03571707382798195
0.5094022750854492
0.8187325596809387
0.8773496150970459
0.8890995979309082
0.8884928226470947
0.8834647536277771
0.8762336373329163
0.867473840713501
0.8573992252349854
0.8460848331451416
0.8335639834403992
0.8198568820953369
0.8049793243408203
0.7889457941055298
0.7717701196670532
0.7534652352333069
0.734044075012207
0.7135195136070251
0.6919043064117432
0.6692106127738953
0.645449161529541
0.6205959320068359
0.5944308638572693
0.5661738514900208
0.5333045721054077
0.4862358570098877
0.39971572160720825
0.2853449583053589
0.1740003228187561
0.11338796466588974
0.076140858232975
0.051129300147295
0.03433160483837128
0.023051682859659195
0.015477529726922512
0.010391789488494396
0.00697699561715126
0.004684194922447205
0.0031447710935026407
0.0021112030372023582
0.0014172852970659733
0.0009514154517091811
0.0006386586464941502
0.00042871752521023154
0.000288152601569891
0.00020115762890782207
0.0002910492767114192
0.0033471391070634127
0.06587215512990952
0.6351935267448425
0.8511407971382141
0.8970924019813538
0.9110009074211121
0.9162547588348389
0.9181748628616333
0.9181885123252869
0.916708767414093
0.9138669371604919
0.9097140431404114
0.904276967048645
0.8975743651390076
0.8896227478981018
0.8804370760917664
0.870031476020813
0.858420193195343
0.8456173539161682
0.8316364288330078
0.8164912462234497
0.8001952171325684
0.7827613949775696
0.7642027139663696
0.7445319890975952
0.7237620949745178
0.7019052505493164
0.6789731383323669
0.6549716591835022
0.6298654079437256
0.6033979058265686
0.5745269060134888
0.5393759608268738
0.4843308627605438
0.3880414068698883
0.27414703369140625
0.17106589674949646
0.1154855415225029
0.07942602038383484
0.054614949971437454
0.03755227103829384
0.025817548856139183
0.01774859055876732
0.01220056600868702
0.008386194705963135
0.005763926077634096
0.00396141828969121
0.0027242214418947697
0.0019089874112978578
0.0020414162427186966
0.0157538540661335
0.3025599420070648
0.7789328694343567
0.8707926869392395
0.8902393579483032
0.8925591707229614
0.8892756104469299
0.8834383487701416
0.8759530186653137
0.8671051263809204
0.8569926619529724
0.8456553220748901
0.8331155180931091
0.819390058517456
0.8044936060905457
0.7884402275085449
0.7712439894676208
0.7529175877571106
0.7334741353988647
0.7129265069961548
0.6912873983383179
0.6685691475868225
0.6447827219963074
0.6199037432670593
0.593710720539093
0.5654215812683105
0.532534658908844
0.4855923056602478
0.39925482869148254
0.2847447693347931
0.17301473021507263
0.11263183504343033
0.0754392221570015
0.05053425207734108
0.03385133668780327
0.02267683669924736
0.015191570855677128
0.010177197866141796
0.00681797880679369
0.004567557480186224
0.003059940179809928
0.002049944130703807
0.0013733176747336984
0.0009200251661241055
0.0006163615616969764
0.00041314426925964653
0.0002812974853441119
0.0002785315446089953
0.0019815440755337477
0.037228718400001526
0.5318300724029541
0.831263542175293
0.8907756805419922
0.9071269035339355
0.9125044941902161
0.9139557480812073
0.9133440256118774
0.9112083911895752
0.9077125787734985
0.9029132723808289
0.8968377113342285
0.8895047903060913
0.8809307813644409
0.8711302876472473
0.86011803150177
0.8479083180427551
0.834514856338501
0.8199514746665955
0.8042317628860474
0.7873691916465759
0.7693764567375183
0.7502666115760803
0.7300522923469543
0.7087461948394775
0.6863601803779602
0.6629028916358948
0.6383596062660217
0.6125752329826355
0.5848549008369446
0.5526103377342224
0.5064243078231812
0.4237450361251831
0.3114786744117737
0.20236507058143616
0.13128286600112915
0.09046300500631332
0.06234080716967583
0.04296279698610306
0.029605012387037277
0.02039913460612297
0.014055046252906322
0.009683371521532536
0.006671038456261158
0.004595493897795677
0.0031655682250857353
0.0021817090455442667
0.0015285908011719584
0.0015656673349440098
0.011260400526225567
0.21391314268112183
0.7567797899246216
0.8678895235061646
0.8919205665588379
0.8963649272918701
0.8946280479431152
0.8901766538619995
0.8840223550796509
0.8764805793762207
0.8676577806472778
0.8575960397720337
0.8463171720504761
0.8338371515274048
0.8201702833175659
0.8053301572799683
0.789330244064331
0.7721841931343079
0.7539048790931702
0.734505295753479
0.7139983773231506
0.692396879196167
0.6697132587432861
0.6459588408470154
0.6211146116256714
0.5949766635894775
0.5668108463287354
0.5342816114425659
0.4886472523212433
0.4048357903957367
0.2905937731266022
0.17770183086395264
0.11451233923435211
0.07661988586187363
0.05124276503920555
0.034274015575647354
0.02292351797223091
0.01533146295696497
0.0102535430341959
0.006857280153781176
0.004585823975503445
0.0030667013488709927
0.0020507618319243193
0.0013713543303310871
0.0009170284029096365
0.0006135229486972094
0.00041666103061288595
0.00040584118687547743
0.002824281807988882
0.05349001660943031
0.5988730192184448
0.8418568968772888
0.8910117745399475
0.9040738940238953
0.9074912667274475
0.9073071479797363
0.9051545262336731
0.9015114307403564
0.8965296149253845
0.8902642130851746
0.8827417492866516
0.8739804029464722
0.863995373249054
0.8528015613555908
0.8404131531715393
0.826844334602356
0.8121087551116943
0.7962201833724976
0.7791917324066162
0.7610365748405457
0.7417675256729126
0.7213975191116333
0.699938952922821
0.6774032115936279
0.6537948846817017
0.6290712952613831
0.6029536724090576
0.574333131313324
0.5391061902046204
0.48322173953056335
0.3862519860267639
0.27289095520973206
0.1709454506635666
0.11595570296049118
0.08003919571638107
0.05524687469005585
0.03813444823026657
0.02632342092692852
0.018169961869716644
0.012541811913251877
0.008656956255435944
0.00597540196031332
0.004124436527490616
0.002846810035407543
0.0019651083275675774
0.001360023976303637
0.0010122617240995169
0.0021663284860551357
0.030891316011548042
0.4853473901748657
0.8185063004493713
0.8826819062232971
0.8978772759437561
0.9007294178009033
0.8992366790771484
0.8955422639846802
0.8902868032455444
0.8836740255355835
0.8757759928703308
0.8666254878044128
0.856242835521698
0.8446444869041443
0.831845760345459
0.8178609609603882
0.8027040958404541
0.7863890528678894
0.7689297199249268
0.7503387928009033
0.7306293249130249
0.7098143100738525
0.6879063248634338
0.6649178266525269
0.6408587694168091
0.6156889200210571
0.5891283750534058
0.5602286458015442
0.5258880853652954
0.4741367995738983
0.3797619938850403
0.2639184594154358
0.15615762770175934
0.10435985028743744
0.06975258141756058
0.04662554711103439
0.031163349747657776
0.02082705684006214
0.013917787000536919
0.009299756027758121
0.006213462445884943
0.004151051864027977
0.0027729806024581194
0.0018522589234635234
0.0012371729826554656
0.0008266395889222622
0.0005593493115156889
0.0005179146537557244
0.0031951109413057566
0.05896524339914322
0.6140530109405518
0.8434283137321472
0.8900800943374634
0.9019322395324707
0.904264509677887
0.9030035138130188
0.8997749090194702
0.8950673937797546
0.8890378475189209
0.8817424774169922
0.8732075691223145
0.8634498119354248
0.8524842262268066
0.8403246402740479
0.8269845247268677
0.8124775290489197
0.7968170642852783
0.7800164222717285
0.762088418006897
0.7430460453033447
0.722902238368988
0.7016693949699402
0.6793593168258667
0.6559785008430481
0.6314958930015564
0.6056827306747437
0.5776109099388123
0.5438461303710938
0.4922156035900116
0.4004891812801361
0.2873366177082062
0.1822534054517746
0.1216212660074234
0.08395442366600037
0.05795580893754959
0.04001546651124954
0.02763151191174984
0.01908193714916706
0.013178970664739609
0.009102843701839447
0.00628789234906435
0.004343720152974129
0.003000854980200529
0.0020732826087623835
0.001433028606697917
0.001000994467176497
0.0009067821083590388
0.0049177659675478935
0.08969344198703766
0.6764487624168396
0.8551279306411743
0.8925790190696716
0.9019609093666077
0.903346598148346
0.9015318751335144
0.8978624939918518
0.8927403092384338
0.8862961530685425
0.8785783052444458
0.8696115612983704
0.859412431716919
0.8479960560798645
0.8353766202926636
0.8215680718421936
0.8065842390060425
0.7904387712478638
0.773145318031311
0.7547168731689453
0.7351664900779724
0.7145069241523743
0.6927510499954224
0.6699113249778748
0.6459988951683044
0.62099289894104
0.594680905342102
0.5662925243377686
0.5333251953125
0.4862368702888489
0.39946311712265015
0.2843865156173706
0.17234766483306885
0.11208131909370422
0.07501308619976044
0.05016794428229332
0.03354506194591522
0.022426221519708633
0.014990258030593395
0.010018224827945232
0.006694294977933168
0.004472533706575632
0.0029877128545194864
0.0019955497700721025
0.0013327118940651417
0.0008905694703571498
0.0006078146398067474
0.0006670095608569682
0.0056231385096907616
0.10693223774433136
0.6946086287498474
0.8584167957305908
0.8931145668029785
0.9016693830490112
0.9026108980178833
0.9004426598548889
0.8964447379112244
0.8910127282142639
0.8842775821685791
0.8762892484664917
0.8670721054077148
0.8566426634788513
0.845015287399292
0.8322036266326904
0.8182212710380554
0.803081750869751
0.7867986559867859
0.7693847417831421
0.7508531808853149
0.7312167286872864
0.7104880809783936
0.688679575920105
0.665801465511322
0.641849935054779
0.6167250275611877
0.5899434685707092
0.5597195029258728
0.519379198551178
0.4488922357559204
0.3408322334289551
0.22901275753974915
0.1447421908378601
0.09951803088188171
0.06862351298332214
0.04732808098196983
0.032644640654325485
0.022519666701555252
0.015537549741566181
0.010722088627517223
0.007400394417345524
0.005108645185828209
0.0035271779634058475
0.002435663715004921
0.001682221656665206
0.0011627745116129518
0.0008188422070816159
0.0008770221611484885
0.006876773666590452
0.13066579401493073
0.7161964178085327
0.8628082871437073
0.8952975869178772
0.9037781357765198
0.9051764011383057
0.903623104095459
0.9002770781517029
0.8954862952232361
0.8893669247627258
0.8819655179977417
0.8733070492744446
0.8634102940559387
0.8522903323173523
0.8399622440338135
0.8264403343200684
0.8117386102676392
0.7958707213401794
0.7788504362106323
0.7606909871101379
0.7414051294326782
0.7210060954093933
0.6995065212249756
0.6769189834594727
0.6532553434371948
0.6285116672515869
0.6025508642196655
0.5748027563095093
0.54339998960495
0.5014082789421082
0.42590802907943726
0.3135601878166199
0.1988283395767212
0.12463070452213287
0.08345646411180496
0.0559203214943409
0.037459421902894974
0.025087473914027214
0.016797536984086037
0.01124404463917017
0.007524737156927586
0.005034498870372772
0.0033676025923341513
0.002252103528007865
0.0015058198478072882
0.0010074549354612827
0.0006902549648657441
0.0007940477808006108
0.00708598829805851
0.1351519227027893
0.7204482555389404
0.8632163405418396
0.8937410712242126
0.9007814526557922
0.9008137583732605
0.8979699611663818
0.8933995366096497
0.8874393701553345
0.8801970481872559
0.8717149496078491
0.862015426158905
0.8511147499084473
0.839026927947998
0.8257653713226318
0.8113430142402649
0.7957728505134583
0.77906733751297
0.7612389922142029
0.7423003911972046
0.7222639918327332
0.7011420726776123
0.6789464354515076
0.6556856632232666
0.6313393115997314
0.6057215929031372
0.5780830979347229
0.5456990599632263
0.49837353825569153
0.412771075963974
0.30015018582344055
0.1919696033000946
0.1255691647529602
0.08647224307060242
0.05950039252638817
0.04095230624079704
0.0281932782381773
0.019414572045207024
0.013372925110161304
0.009213714860379696
0.006349637638777494
0.004376905970275402
0.003017782000824809
0.0020811797585338354
0.0014356231549754739
0.0009911645902320743
0.0006969700916670263
0.0007404684438370168
0.005722372326999903
0.1084759384393692
0.6990318298339844
0.8604838848114014
0.8955665230751038
0.9050433039665222
0.9071008563041687
0.9061319828033447
0.9033433794975281
0.8990978598594666
0.8935154676437378
0.8866445422172546
0.8785107135772705
0.8691330552101135
0.8585270047187805
0.846707284450531
0.8336880207061768
0.8194831013679504
0.8041062355041504
0.7875708937644958
0.7698906064033508
0.7510783076286316
0.7311468720436096
0.7101091742515564
0.6879778504371643
0.6647651791572571
0.6404788494110107
0.6150640845298767
0.5881895422935486
0.5587068200111389
0.5225526690483093
0.46417203545570374
0.3621448576450348
0.2460343986749649
0.14796681702136993
0.09952353686094284
0.06688942760229111
0.04494151845574379
0.030186893418431282
0.020270783454179764
0.013608068227767944
0.009132561273872852
0.006127156782895327
0.004109578672796488
0.0027555637061595917
0.0018472177907824516
0.0012394364457577467
0.0008603846654295921
0.001168909715488553
0.012578633613884449
0.25016099214553833
0.7681645750999451
0.8713656663894653
0.8940579891204834
0.8984842896461487
0.8971384167671204
0.893212080001831
0.887626588344574
0.8806706666946411
0.872444212436676
0.8629879951477051
0.8523241877555847
0.8404690027236938
0.8274368643760681
0.813241183757782
0.7978952527046204
0.7814117670059204
0.7638035416603088
0.7450833320617676
0.7252634167671204
0.7043563723564148
0.6823741793632507
0.6593275666236877
0.6352096796035767
0.6098951697349548
0.5828403830528259
0.552128791809082
0.5104836225509644
0.43616366386413574
0.32620152831077576
0.21449318528175354
0.13599169254302979
0.09319484978914261
0.06393156945705414
0.04386276751756668
0.030101163312792778
0.020663177594542503
0.014189121313393116
0.009746708907186985
0.006697320379316807
0.004603448323905468
0.0031652164179831743
0.002177005633711815
0.0014977877726778388
0.0010308630298823118
0.0007110545411705971
0.0005175082478672266
0.0009158049360848963
0.011885431595146656
0.24042268097400665
0.7689310312271118
0.8750926852226257
0.9005014300346375
0.9078492522239685
0.9094890356063843
0.9085562229156494
0.9059443473815918
0.9019232392311096
0.8965834379196167
0.889961838722229
0.8820794224739075
0.8729525208473206
0.8625954389572144
0.8510220050811768
0.8382461667060852
0.8242816925048828
0.8091422915458679
0.7928414344787598
0.7753929495811462
0.7568097114562988
0.7371047735214233
0.716291069984436
0.6943814754486084
0.6713880896568298
0.6473206281661987
0.6221503019332886
0.5956346392631531
0.5668715238571167
0.5326797366142273
0.48075076937675476
0.3864451050758362
0.27075591683387756
0.16366039216518402
0.10931737720966339
0.0737314522266388
0.04971500486135483
0.033510126173496246
0.022579235956072807
0.015208741649985313
0.010240716859698296
0.006893194746226072
0.0046383533626794815
0.003120052395388484
0.002098137978464365
0.0014121888671070337
0.0009839220438152552
0.0013508910778909922
0.014573107473552227
0.2884143888950348
0.7770141959190369
0.8721916675567627
0.8931477665901184
0.8969097137451172
0.8951147198677063
0.8907998204231262
0.8848469853401184
0.8775308728218079
0.8689462542533875
0.8591321110725403
0.8481100797653198
0.8358963131904602
0.8225053548812866
0.8079511523246765
0.7922475337982178
0.7754078507423401
0.7574451565742493
0.7383723855018616
0.7182022929191589
0.6969475746154785
0.6746203303337097
0.6512300372123718
0.6267545819282532
0.6009935140609741
0.573188066482544
0.5406827330589294
0.49328845739364624
0.40687283873558044
0.29370927810668945
0.18483977019786835
0.12114087492227554
0.0827779695391655
0.056586164981126785
0.038692232221364975
0.02646527625620365
0.018108470365405083
0.012394651770591736
0.008486617356538773
0.005812785122543573
0.003982760477811098
0.002729819156229496
0.0018716847989708185
0.001283751567825675
0.0008808471029624343
0.0006055224221199751
0.00043484842171892524
0.0006818456458859146
0.008213929831981659
0.15978224575519562
0.7392897009849548
0.8691622018814087
0.8994516730308533
0.9085151553153992
0.9111501574516296
0.9109898805618286
0.9090625643730164
0.9056864380836487
0.9009716510772705
0.8949633240699768
0.8876859545707703
0.879157304763794
0.8693934082984924
0.8584082126617432
0.8462160229682922
0.8328308463096619
0.8182661533355713
0.8025355339050293
0.7856525778770447
0.7676303386688232
0.7484816312789917
0.7282192707061768
0.7068561911582947
0.6844046711921692
0.6608762741088867
0.636271059513092
0.6104878783226013
0.583040177822113
0.5522127151489258
0.5115156173706055
0.4396322965621948
0.3291648328304291
0.21499213576316833
0.13416534662246704
0.09083892405033112
0.06147423014044762
0.041590120643377304
0.028126627206802368
0.019015079364180565
0.01285090297460556
0.008682074025273323
0.005863631144165993
0.003958832006901503
0.0026727579534053802
0.0018206402892246842
0.001568065956234932
0.007722434587776661
0.13513785600662231
0.7155063152313232
0.8575011491775513
0.8863874077796936
0.8911167979240417
0.8885408639907837
0.8829333186149597
0.8755455613136292
0.8667652010917664
0.8567203283309937
0.845459520816803
0.8330071568489075
0.8193798661231995
0.8045921325683594
0.7886579632759094
0.7715901136398315
0.7534016966819763
0.7341055274009705
0.7137144207954407
0.6922407150268555
0.669696569442749
0.6460903286933899
0.621384859085083
0.59532231092453
0.5669845938682556
0.5331570506095886
0.48151153326034546
0.3883151113986969
0.27425822615623474
0.16834205389022827
0.11279767751693726
0.076853908598423
0.05238586291670799
0.03572240471839905
0.024367233738303185
0.016626983880996704
0.011349175125360489
0.007749282754957676
0.005293087102472782
0.0036166736390441656
0.002472084714099765
0.0016903317300602794
0.0011562071740627289
0.0007911432185210288
0.0005415431805886328
0.0003708850417751819
0.0002553286321926862
0.00020060240058228374
0.0006558021996170282
0.010984660126268864
0.22643586993217468
0.7676360011100769
0.8786971569061279
0.9065579175949097
0.9164495468139648
0.9207966923713684
0.9226297736167908
0.9227803945541382
0.9215005040168762
0.9188764095306396
0.9149448871612549
0.9097278118133545
0.9032415151596069
0.8955010175704956
0.8865205645561218
0.8763138651847839
0.8648945689201355
0.8522764444351196
0.8384730219841003
0.8234977126121521
0.8073639273643494
0.7900850176811218
0.7716737389564514
0.7521427273750305
0.7315048575401306
0.7097727656364441
0.6869586110115051
0.6630736589431763
0.6381180882453918
0.6119940280914307
0.5842108726501465
0.5529950261116028
0.511591374874115
0.4384629428386688
0.32769930362701416
0.2140142321586609
0.13408179581165314
0.09101250022649765
0.06175179034471512
0.04188504442572594
0.0284007266163826
0.019251618534326553
0.013045658357441425
0.00883736927062273
0.005984916351735592
0.004057355225086212
0.002856282750144601
0.004073397722095251
0.044390205293893814
0.5511629581451416
0.824201762676239
0.874934196472168
0.8833428025245667
0.8803064227104187
0.8730881214141846
0.8637368679046631
0.8528860807418823
0.8407465815544128
0.8273957371711731
0.8128679990768433
0.797184944152832
0.7803632020950317
0.7624174952507019
0.7433619499206543
0.7232097387313843
0.7019737958908081
0.67966628074646
0.6562983989715576
0.631865382194519
0.6062384247779846
0.5788748860359192
0.5479523539543152
0.5066097378730774
0.4328809380531311
0.3226119577884674
0.20969213545322418
0.1320798397064209
0.08974399417638779
0.06100380793213844
0.04148726165294647
0.028224503621459007
0.01920829899609089
0.01307673193514347
0.008905445225536823
0.006066764239221811
0.004134319722652435
0.0028183655813336372
0.0019219323294237256
0.0013110764557495713
0.000894682016223669
0.0006107476656325161
0.00041707060881890357
0.00028492414276115596
0.0001949333236552775
0.00013778403808828443
0.00018620881019160151
0.0020067424047738314
0.039918165653944016
0.5517956018447876
0.8374876379966736
0.8963881134986877
0.9144850373268127
0.9223670363426208
0.9265533089637756
0.928737223148346
0.9293914437294006
0.9286611080169678
0.9265987277030945
0.9232296943664551
0.9185720086097717
0.9126410484313965
0.9054513573646545
0.8970173597335815
0.887352705001831
0.8764711022377014
0.8643861413002014
0.8511115312576294
0.8366603851318359
0.8210461139678955
0.804282009601593
0.7863809466362
0.7673555612564087
0.7472186088562012
0.725982666015625
0.703660249710083
0.6802632212638855
0.6558014750480652
0.6302597522735596
0.6034542322158813
0.5746083855628967
0.540881335735321
0.4913989305496216
0.40182995796203613
0.28721195459365845
0.17853249609470367
0.1175369843840599
0.07985454052686691
0.0542709119617939
0.036866188049316406
0.02503623068332672
0.0169974472373724
0.011536430567502975
0.00782769825309515
0.005310664884746075
0.0036212652921676636
0.002844118280336261
0.00947815366089344
0.15193358063697815
0.7253521680831909
0.8559567928314209
0.8808861374855042
0.8825575709342957
0.8770227432250977
0.8684912919998169
0.8582084774971008
0.8465613722801208
0.8336800336837769
0.819614827632904
0.8043907284736633
0.7880244851112366
0.7705292105674744
0.7519177794456482
0.7322028279304504
0.7113968729972839
0.6895120739936829
0.6665607690811157
0.642550528049469
0.6174329519271851
0.5909066200256348
0.5619326829910278
0.5268934369087219
0.471914142370224
0.37439054250717163
0.2598067820072174
0.15665777027606964
0.10625628381967545
0.07207778096199036
0.04890837147831917
0.0331958569586277
0.022537676617503166
0.015305682085454464
0.010397202335298061
0.00706481421366334
0.00480181910097599
0.003264627419412136
0.002220174763351679
0.001510322093963623
0.0010277415858581662
0.0006995730218477547
0.0004763437027577311
0.00032447115518152714
0.00022152336896397173
0.000159982853801921
0.0002908042224589735
0.003888096194714308
0.07830465584993362
0.6610422134399414
0.8583716154098511
0.9013637900352478
0.9152358174324036
0.9212340712547302
0.9241306185722351
0.9251992106437683
0.924801230430603
0.9230483770370483
0.9199813604354858
0.9156216979026794
0.909985363483429
0.9030868411064148
0.8949406147003174
0.8855602145195007
0.8749595880508423
0.8631523847579956
0.8501522541046143
0.8359725475311279
0.8206266164779663
0.8041279315948486
0.7864892482757568
0.7677235007286072
0.747843325138092
0.7268614172935486
0.7047901749610901
0.6816415786743164
0.6574251055717468
0.6321265697479248
0.6055716276168823
0.5770090818405151
0.5436749458312988
0.4950912892818451
0.4071502387523651
0.2928538918495178
0.18374744057655334
0.12042713910341263
0.08204177021980286
0.055868227034807205
0.03803405910730362
0.02588619850575924
0.017613373696804047
0.011981060728430748
0.008147483691573143
0.005538937170058489
0.0037651583552360535
0.0025728701148182154
0.0020358904730528593
0.007061729673296213
0.11674968898296356
0.7009207606315613
0.8538292050361633
0.88426274061203
0.8886195421218872
0.8851633667945862
0.8785513639450073
0.8701274991035461
0.8603069186210632
0.8492283821105957
0.8369450569152832
0.823482871055603
0.8088590502738953
0.7930877208709717
0.7761816382408142
0.75815349817276
0.7390159368515015
0.7187814712524414
0.6974625587463379
0.6750712990760803
0.6516188979148865
0.6270958185195923
0.6013450026512146
0.5737571120262146
0.5423605442047119
0.4998052716255188
0.4230048656463623
0.31146517395973206
0.19844646751880646
0.12559720873832703
0.08487618714570999
0.05739709362387657
0.03881756216287613
0.02625933103263378
0.017769021913409233
0.012027420103549957
0.00814348366111517
0.005515388213098049
0.0037365576718002558
0.0025322060100734234
0.0017165634781122208
0.0011640074662864208
0.0007895660819485784
0.0005357568152248859
0.00036386048304848373
0.0002513448998797685
0.00025701848790049553
0.0019232967169955373
0.03682975843548775
0.529641330242157
0.8317901492118835
0.8919165730476379
0.9091157913208008
0.91538405418396
0.9177510142326355
0.9180412292480469
0.916780948638916
0.9141353368759155
0.9101659059524536
0.9049026370048523
0.8983654379844666
0.890571117401123
0.8815351128578186
0.8712717294692993
0.8597953915596008
0.8471202254295349
0.8332599997520447
0.8182284235954285
0.8020390272140503
0.7847052216529846
0.7662399411201477
0.746656060218811
0.7259663939476013
0.7041833996772766
0.6813189387321472
0.6573812365531921
0.6323484778404236
0.6060213446617126
0.5775554776191711
0.5438232421875
0.49335286021232605
0.402699738740921
0.28840306401252747
0.18111786246299744
0.11975771933794022
0.08193632960319519
0.056049324572086334
0.03832205384969711
0.02619178034365177
0.017894715070724487
0.012221746146678925
0.00834434200078249
0.005695085972547531
0.003885829821228981
0.0026550148613750935
0.001903485506772995
0.0031374585814774036
0.038741715252399445
0.5319998264312744
0.8238195776939392
0.8790116906166077
0.8901138305664062
0.8895046710968018
0.8846645951271057
0.8776795864105225
0.8691798448562622
0.8593706488609314
0.8483265042304993
0.8360809683799744
0.8226539492607117
0.8080611228942871
0.7923170328140259
0.7754352688789368
0.7574287056922913
0.7383105158805847
0.7180934548377991
0.6967900395393372
0.674412727355957
0.6509731411933899
0.6264642477035522
0.6007373929023743
0.573212206363678
0.5420644283294678
0.500728189945221
0.4271184504032135
0.3165168762207031
0.20245271921157837
0.12653781473636627
0.08511730283498764
0.05727194622159004
0.03854646906256676
0.02595013938844204
0.017475323751568794
0.011771824210882187
0.007932229898869991
0.005346646532416344
0.0036049941554665565
0.002431457629427314
0.0016404768684878945
0.001107176998630166
0.0007474976591765881
0.0005048452294431627
0.0003412617661524564
0.0002343799133086577
0.00023336894810199738
0.0016699208645150065
0.03189893439412117
0.50002521276474
0.8263540267944336
0.8907207250595093
0.9086986184120178
0.9151660799980164
0.9175905585289001
0.9179113507270813
0.9166781902313232
0.9140613079071045
0.9101214408874512
0.9048876166343689
0.8983792662620544
0.8906131982803345
0.8816051483154297
0.8713697791099548
0.8599215149879456
0.8472746014595032
0.8334428071975708
0.8184400200843811
0.8022795915603638
0.7849752902984619
0.7665395736694336
0.746985673904419
0.7263263463973999
0.7045741677284241
0.681740403175354
0.6578312516212463
0.6328154802322388
0.6064586043357849
0.5777819752693176
0.5431603789329529
0.48988965153694153
0.3958680033683777
0.2818208634853363
0.17712317407131195
0.11852709203958511
0.0814686045050621
0.05598095804452896
0.03845218941569328
0.026402806863188744
0.01812330074608326
0.012435970827937126
0.008530517108738422
0.005849558860063553
0.004009927157312632
0.0027509562205523252
0.0019476419547572732
0.00258988281711936
0.026696478947997093
0.44336846470832825
0.8087350726127625
0.8765673637390137
0.8905431032180786
0.8909780979156494
0.8867541551589966
0.8802855610847473
0.8722777366638184
0.8629493713378906
0.8523772954940796
0.8405947089195251
0.8276217579841614
0.8134740591049194
0.7981659173965454
0.7817114591598511
0.7641236186027527
0.7454156279563904
0.7256003022193909
0.7046905159950256
0.6826986074447632
0.6596370339393616
0.6355131268501282
0.6102603673934937
0.5835239887237549
0.5541689991950989
0.5184973478317261
0.46236345171928406
0.363029420375824
0.2476186901330948
0.1473502516746521
0.09873279929161072
0.06611716747283936
0.04428546503186226
0.02967054769396782
0.01988437958061695
0.01332950685173273
0.008937773294746876
0.005994574166834354
0.00402164226397872
0.002698782365769148
0.001811568858101964
0.0012163757346570492
0.0008169767679646611
0.0005488969618454576
0.00036907874164171517
0.0002518272085580975
0.00024349216255359352
0.001656823675148189
0.031151052564382553
0.49527397751808167
0.8256165385246277
0.8900153636932373
0.9076313972473145
0.9136261343955994
0.9155747890472412
0.9154279828071594
0.9137380719184875
0.9106751680374146
0.9062996506690979
0.9006399512290955
0.8937150239944458
0.8855410814285278
0.8761328458786011
0.8655046820640564
0.8536705374717712
0.8406445980072021
0.8264402747154236
0.8110713362693787
0.7945512533187866
0.7768931984901428
0.7581101655960083
0.7382149696350098
0.7172203660011292
0.6951386332511902
0.6719796657562256
0.647739589214325
0.6223286986351013
0.5952785015106201
0.5647984147071838
0.5243533849716187
0.4546951353549957
0.3469197154045105
0.23476889729499817
0.14747411012649536
0.10186056792736053
0.0702514573931694
0.04843677580356598
0.03338771313428879
0.023007912561297417
0.01585051231086254
0.010916638188064098
0.0075164902955293655
0.005173923447728157
0.003560661105439067
0.0024546694476157427
0.0017898305086418986
0.0032546056900173426
0.04253010079264641
0.5507194399833679
0.8283864855766296
0.881363570690155
0.8924333453178406
0.8922838568687439
0.8880478143692017
0.8817166090011597
0.8738807439804077
0.8647289276123047
0.8543304204940796
0.8427169919013977
0.829908549785614
0.8159207105636597
0.8007676601409912
0.7844630479812622
0.7670201063156128
0.7484514713287354
0.7287701964378357
0.707988977432251
0.6861203908920288
0.6631768345832825
0.6391680240631104
0.6140503287315369
0.5875349044799805
0.558667778968811
0.5244145393371582
0.47325021028518677
0.3799535036087036
0.26457536220550537
0.1561819314956665
0.10411306470632553
0.069526307284832
0.04644351452589035
0.031028984114527702
0.02073301561176777
0.013855289667844772
0.009260511957108974
0.0061905053444206715
0.004138988442718983
0.002767859259620309
0.0018513113027438521
0.0012385238660499454
0.000828748510684818
0.0005546812317334116
0.00037147238617762923
0.0002515887899789959
0.00022559909848496318
0.0013027945533394814
0.02416040748357773
0.43607404828071594
0.814252495765686
0.8870876431465149
0.9065942764282227
0.9131541848182678
0.9152884483337402
0.9152184724807739
0.9135788679122925
0.9105632901191711
0.9062395095825195
0.9006377458572388
0.8937767744064331
0.885672390460968
0.8763387799263
0.8657895922660828
0.854038655757904
0.8410995602607727
0.8269855976104736
0.8117101788520813
0.7952866554260254
0.7777277827262878
0.7590463161468506
0.7392550110816956
0.7183663845062256
0.6963927149772644
0.673344075679779
0.6492186784744263
0.6239386796951294
0.5970820784568787
0.5670225620269775
0.5277944803237915
0.4611970782279968
0.35531580448150635
0.2428903877735138
0.1506483554840088
0.10505609959363937
0.0725245401263237
0.05007242038846016
0.034567512571811676
0.023860003799200058
0.016466336324810982
0.011362018063664436
0.00783876795321703
0.0054072123020887375
0.003729721996933222
0.002580849686637521
0.001957093831151724
0.004860305693000555
0.07336950302124023
0.64142906665802
0.8443920612335205
0.8842211365699768
0.8917669653892517
0.8902146220207214
0.8851327896118164
0.8781044483184814
0.8696156144142151
0.8598260879516602
0.8487963080406189
0.8365549445152283
0.8231204748153687
0.808508038520813
0.7927322387695312
0.7758072018623352
0.7577463984489441
0.7385631203651428
0.7182705402374268
0.6968817114830017
0.6744092702865601
0.6508652567863464
0.6262460350990295
0.6004120111465454
0.5728035569190979
0.5416771173477173
0.5009045600891113
0.4289920926094055
0.31828391551971436
0.20285381376743317
0.1253325194120407
0.0836535096168518
0.055828679352998734
0.03725576773285866
0.02486198954284191
0.016591908410191536
0.01107349805533886
0.007391078397631645
0.004933665506541729
0.003293621353805065
0.0021989871747791767
0.0014683164190500975
0.000980545999482274
0.0006548943929374218
0.0004374583368189633
0.0002923306601587683
0.00019685860024765134
0.0001622735580895096
0.0007281386060640216
0.01305942889302969
0.27132222056388855
0.7787675261497498
0.8799133896827698
0.9057477712631226
0.9147236347198486
0.91838538646698
0.9195869565010071
0.9191334247589111
0.9172698855400085
0.914078414440155
0.9095926284790039
0.9038324952125549
0.8968145251274109
0.8885542750358582
0.8790660500526428
0.8683642148971558
0.8564627170562744
0.8433754444122314
0.8291158676147461
0.8136976361274719
0.7971340417861938
0.7794379591941833
0.7606220841407776
0.7406993508338928
0.7196822762489319
0.6975830793380737
0.6744123697280884
0.6501708626747131
0.6247919201850891
0.597895085811615
0.5679989457130432
0.5296102166175842
0.4652995467185974
0.360874742269516
0.24806053936481476
0.15372015535831451
0.10662096738815308
0.07358164340257645
0.050768233835697174
0.035024434328079224
0.02416304312646389
0.01666947267949581
0.011499153450131416
0.007931893691420555
0.005470950156450272
0.0037756471429020166
0.0026532383635640144
0.002806817414239049
0.0212567076086998
0.378747820854187
0.7941946983337402
0.8720801472663879
0.8876948356628418
0.8879660367965698
0.8830653429031372
0.8757407665252686
0.8668150901794434
0.8565511703491211
0.8450409770011902
0.8323221206665039
0.8184157013893127
0.8033375144004822
0.7871018648147583
0.7697224617004395
0.7512121200561523
0.7315837740898132
0.7108503580093384
0.6890245079994202
0.6661186218261719
0.6421433687210083
0.6170664429664612
0.5906349420547485
0.5619819164276123
0.5283333659172058
0.4791373610496521
0.38877421617507935
0.2734544575214386
0.16301369667053223
0.10754867643117905
0.07182621955871582
0.04797333851456642
0.03204051032662392
0.021398527547717094
0.014290759339928627
0.009543750435113907
0.006373525597155094
0.004256383515894413
0.0028425301425158978
0.001898347632959485
0.001267815358005464
0.0008467387524433434
0.0005655356799252331
0.0003777516831178218
0.00025260448455810547
0.00017435506742913276
0.0002293310681125149
0.0024302066303789616
0.047882337123155594
0.5835936665534973
0.8419130444526672
0.8950707316398621
0.9107922911643982
0.9167509078979492
0.9191060662269592
0.9194819927215576
0.9183438420295715
0.9158395528793335
0.9120250940322876
0.9069284796714783
0.9005687832832336
0.892961859703064
0.8841222524642944
0.8740637302398682
0.8628000020980835
0.8503444790840149
0.8367107510566711
0.8219121098518372
0.8059619069099426
0.7888730764389038
0.7706584930419922
0.7513307929039001
0.7309027314186096
0.7093866467475891
0.6867944598197937
0.6631349325180054
0.6383949518203735
0.6124235391616821
0.5845392346382141
0.5521917343139648
0.5060188174247742
0.4234066903591156
0.31117549538612366
0.2020205855369568
0.1310352236032486
0.0902675911784172
0.06220065802335739
0.04285946860909462
0.029533077031373978
0.020350731909275055
0.01402343064546585
0.009663301520049572
0.006658695638179779
0.0045882463455200195
0.0031625353731215
0.002200683578848839
0.0019464559154585004
0.009882435202598572
0.17449364066123962
0.7417146563529968
0.8637027740478516
0.8887267112731934
0.892425000667572
0.8895021080970764
0.8837292194366455
0.8762182593345642
0.8673164248466492
0.857140302658081
0.8457360863685608
0.8331278562545776
0.8193325400352478
0.8043649196624756
0.788239061832428
0.7709689140319824
0.7525672316551208
0.7330472469329834
0.7124217748641968
0.6907036304473877
0.6679051518440247
0.6440372467041016
0.6190738677978516
0.5927850604057312
0.5643638372421265
0.5312236547470093
0.4835519790649414
0.3957972228527069
0.2808477580547333
0.16937942802906036
0.11069776117801666
0.0740109235048294
0.04948342964053154
0.033084265887737274
0.02211860939860344
0.014786767773330212
0.00988474115729332
0.006607436574995518
0.004416508134454489
0.0029519367963075638
0.0019729698542505503
0.001318628783337772
0.00088128523202613
0.0005889948224648833
0.0003938146401196718
0.0002667024964466691
0.0002486967423465103
0.0015890293288975954
0.029976634308695793
0.48538854718208313
0.8234132528305054
0.8891524076461792
0.9068891406059265
0.9128063917160034
0.9145932197570801
0.914252758026123
0.9123659729957581
0.9091103672981262
0.9045484066009521
0.8987095952033997
0.8916134238243103
0.8832759857177734
0.8737119436264038
0.8629356026649475
0.8509610891342163
0.8378021717071533
0.8234723210334778
0.807985246181488
0.791354238986969
0.7735920548439026
0.7547116279602051
0.7347257137298584
0.7136467695236206
0.6914871335029602
0.6682569980621338
0.6439533233642578
0.6184812188148499
0.5913597345352173
0.5607768893241882
0.51998370885849
0.44891035556793213
0.34037458896636963
0.22838126122951508
0.14438098669052124
0.09918005019426346
0.06830187886953354
0.04704448953270912
0.032404325902462006
0.022321222350001335
0.01537611149251461
0.010592157021164894
0.00729678338393569
0.005026734434068203
0.0034629800356924534
0.002386426320299506
0.0016588587313890457
0.0014374346937984228
0.006864515133202076
0.12189929187297821
0.7066619396209717
0.8583712577819824
0.8898043036460876
0.8961222171783447
0.8950119614601135
0.8908287882804871
0.8848249316215515
0.8773881793022156
0.8686487674713135
0.8586593866348267
0.8474473357200623
0.8350318074226379
0.8214288353919983
0.8066529631614685
0.7907181978225708
0.7736384868621826
0.7554263472557068
0.7360950112342834
0.7156571745872498
0.6941253542900085
0.6715119481086731
0.6478283405303955
0.6230608820915222
0.5970280170440674
0.5690542459487915
0.5369958281517029
0.49291667342185974
0.412475049495697
0.29899245500564575
0.18523894250392914
0.11798164993524551
0.07891272753477097
0.05278519541025162
0.035303544253110886
0.023609796538949013
0.01578848622739315
0.010557441972196102
0.007059053052216768
0.004719603341072798
0.00315527874045074
0.002109331311658025
0.0014100305270403624
0.0009425265016034245
0.0006301197572611272
0.00042365037370473146
0.0003327764570713043
0.001219061785377562
0.020937686786055565
0.39649704098701477
0.8054842352867126
0.8835357427597046
0.9030923843383789
0.9086935520172119
0.9096106290817261
0.908251941204071
0.9053118824958801
0.901002824306488
0.8953971266746521
0.8885263800621033
0.8804103136062622
0.8710641264915466
0.8605021238327026
0.8487383127212524
0.8357867002487183
0.8216608166694641
0.8063744306564331
0.7899411916732788
0.7723739147186279
0.7536857724189758
0.7338894605636597
0.7129978537559509
0.691023051738739
0.6679754257202148
0.6438513994216919
0.6185545921325684
0.5916022062301636
0.5611792802810669
0.5205488801002502
0.4497290551662445
0.3413236439228058
0.22934316098690033
0.145064577460289
0.09965848922729492
0.06866414099931717
0.04731535539031029
0.03260885551571846
0.022475244477391243
0.015491597354412079
0.010678306221961975
0.007360638119280338
0.005073814652860165
0.0034975341986864805
0.002411036752164364
0.0016627140576019883
0.0011592138325795531
0.0010595638304948807
0.005965424235910177
0.10975734889507294
0.6982167363166809
0.8586723804473877
0.8923848271369934
0.9002735018730164
0.9006356596946716
0.8979319930076599
0.8934208154678345
0.8874801993370056
0.8802334666252136
0.8717280030250549
0.8619878888130188
0.8510302901268005
0.8388697504997253
0.8255202174186707
0.8109950423240662
0.7953075766563416
0.7784712910652161
0.7604989409446716
0.741403341293335
0.7211973071098328
0.6998935341835022
0.677504301071167
0.6540417671203613
0.62950599193573
0.6037806868553162
0.5763644576072693
0.545664370059967
0.5060614347457886
0.4372801184654236
0.32800719141960144
0.21243613958358765
0.13027386367321014
0.08715749531984329
0.05828605219721794
0.03897225111722946
0.026055173948407173
0.017417650669813156
0.011642499826848507
0.007781521882861853
0.005200492218136787
0.003475251840427518
0.0023221534211188555
0.0015515352133661509
0.0010367074282839894
0.0006953633273951709
0.0005196610582061112
0.0014413079479709268
0.022804608568549156
0.4116116762161255
0.8051827549934387
0.8806396126747131
0.8986448645591736
0.9027395248413086
0.9021173715591431
0.8991947770118713
0.8946780562400818
0.8887910842895508
0.8816146850585938
0.8731861114501953
0.8635276556015015
0.8526563048362732
0.8405871391296387
0.8273343443870544
0.8129117488861084
0.7973329424858093
0.7806115746498108
0.7627604603767395
0.743792712688446
0.7237210869789124
0.7025582790374756
0.680316150188446
0.6570016741752625
0.632588267326355
0.6068653464317322
0.5789673924446106
0.5456929206848145
0.49556273221969604
0.40590181946754456
0.2927705645561218
0.18652476370334625
0.12349308282136917
0.08524808287620544
0.05882248282432556
0.040581922978162766
0.027999944984912872
0.019320042803883553
0.013331710360944271
0.009200157597661018
0.006349413190037012
0.004382243845611811
0.003024691715836525
0.0020877874922007322
0.0014412184245884418
0.0009962302865460515
0.0007149178418330848
0.0010417159646749496
0.0117912907153368
0.23843730986118317
0.7683793306350708
0.8745898604393005
0.8993431925773621
0.9059438705444336
0.9068368673324585
0.9051729440689087
0.9018391966819763
0.8971052169799805
0.8910617232322693
0.8837461471557617
0.8751801252365112
0.865380048751831
0.8543605804443359
0.8421358466148376
0.8287200331687927
0.81412672996521
0.7983695864677429
0.7814623117446899
0.7634180188179016
0.7442495822906494
0.7239699363708496
0.7025918364524841
0.6801279187202454
0.6565902829170227
0.631982147693634
0.6062051057815552
0.5788015723228455
0.548293948173523
0.5094887614250183
0.4432101845741272
0.33520156145095825
0.21931111812591553
0.13363748788833618
0.08933623135089874
0.059730932116508484
0.03993166983127594
0.02669069543480873
0.017837360501289368
0.011918783187866211
0.0079628461971879
0.005319162737578154
0.0035527029540389776
0.0023725605569779873
0.0015842841239646077
0.001058712019585073
0.0007257220568135381
0.0008583943708799779
0.007963730953633785
0.15147915482521057
0.7307050228118896
0.8643646836280823
0.8930907845497131
0.8995118737220764
0.8991916179656982
0.8959951400756836
0.8910437822341919
0.8846855759620667
0.8770371079444885
0.8681440353393555
0.8580299019813538
0.8467119336128235
0.8342047929763794
0.8205227255821228
0.8056793212890625
0.789687991142273
0.7725616693496704
0.7543131113052368
0.7349552512168884
0.7145006060600281
0.6929614543914795
0.6703487038612366
0.6466637849807739
0.6218382120132446
0.5954991579055786
0.5662449598312378
0.528852105140686
0.4661587178707123
0.36271193623542786
0.24975614249706268
0.15449340641498566
0.10698790848255157
0.07376241683959961
0.05085750296711922
0.035074323415756226
0.024195803329348564
0.016694016754627228
0.011519845575094223
0.007950572296977043
0.005487979855388403
0.0037886572536081076
0.0026158541440963745
0.0018063208553940058
0.0012475086841732264
0.0008626420167274773
0.0006161718047223985
0.0008381797815673053
0.00897987186908722
0.17332491278648376
0.7459946870803833
0.8704283833503723
0.8990519046783447
0.9071458578109741
0.9089833498001099
0.9081063270568848
0.9055062532424927
0.9014838933944702
0.8961381316184998
0.8895084857940674
0.8816168308258057
0.8724806308746338
0.862115204334259
0.850534975528717
0.8377544283866882
0.8237874507904053
0.8086478114128113
0.7923492789268494
0.7749053239822388
0.756328821182251
0.7366328239440918
0.7158302068710327
0.6939336657524109
0.6709556579589844
0.6469072699546814
0.6217692494392395
0.5953332185745239
0.566830039024353
0.5337296724319458
0.48633167147636414
0.39910897612571716
0.28401923179626465
0.17231033742427826
0.11225340515375137
0.07518783956766129
0.050325632095336914
0.0336775928735733
0.02253166027367115
0.015071178786456585
0.01007871888577938
0.006738598458468914
0.004504458978772163
0.0030104229226708412
0.002011585282161832
0.0013449969701468945
0.0009206009563058615
0.0010499032214283943
0.00930075068026781
0.17450062930583954
0.7422903180122375
0.865522027015686
0.8919716477394104
0.8971237540245056
0.8957427740097046
0.891564130783081
0.885671079158783
0.8783999085426331
0.869861900806427
0.8600995540618896
0.8491345047950745
0.8369821906089783
0.8236561417579651
0.8091694116592407
0.7935349345207214
0.776764988899231
0.7588719725608826
0.7398684620857239
0.7197668552398682
0.6985793709754944
0.6763176918029785
0.652988851070404
0.6285620927810669
0.6028084754943848
0.5748342275619507
0.541357696056366
0.4903576374053955
0.398978054523468
0.2856645882129669
0.18008612096309662
0.12006064504384995
0.08263692259788513
0.05688965320587158
0.03917952999472618
0.026989394798874855
0.018596746027469635
0.01281715463846922
0.008835840970277786
0.006092600990086794
0.004201987292617559
0.0028986914549022913
0.0020000566728413105
0.0013803051551803946
0.0009528946247883141
0.0006600792985409498
0.0004999526427127421
0.00124102842528373
0.01907067932188511
0.3721388578414917
0.8007685542106628
0.882805347442627
0.9034832715988159
0.9096636176109314
0.9110313057899475
0.9100764989852905
0.9075157046318054
0.9035704731941223
0.898316502571106
0.8917860388755798
0.8839983940124512
0.8749692440032959
0.8647122979164124
0.8532411456108093
0.8405694961547852
0.8267108798027039
0.8116785883903503
0.7954860329627991
0.7781468033790588
0.759673535823822
0.7400792241096497
0.7193766236305237
0.697578489780426
0.6746971607208252
0.6507440209388733
0.6257078051567078
0.5994159579277039
0.5711891055107117
0.5387590527534485
0.493449866771698
0.4103938341140747
0.2960717976093292
0.18323709070682526
0.11771655827760696
0.0790104940533638
0.053012486547231674
0.03555711358785629
0.02384166792035103
0.01598154567182064
0.010709619149565697
0.007174728903919458
0.004805244039744139
0.003217407502233982
0.0021537342108786106
0.0014426546404138207
0.0009921496966853738
0.0011959084076806903
0.011308926157653332
0.21802960336208344
0.7579513788223267
0.8684331178665161
0.8922492265701294
0.8965998888015747
0.8948248028755188
0.8903661966323853
0.8842301964759827
0.8767244815826416
0.8679511547088623
0.8579506278038025
0.8467448353767395
0.8343499898910522
0.8207805156707764
0.8060502409934998
0.7901728749275208
0.7731611132621765
0.7550280690193176
0.735786497592926
0.7154492735862732
0.6940286755561829
0.6715365648269653
0.6479787826538086
0.6233106255531311
0.597247838973999
0.5687368512153625
0.5339069366455078
0.4786684811115265
0.38164857029914856
0.2679412364959717
0.16549547016620636
0.11242787539958954
0.07718032598495483
0.0530051663517952
0.03641070798039436
0.025018490850925446
0.017195476219058037
0.011822091415524483
0.00813013780862093
0.005592663772404194
0.0038481669034808874
0.0026485216803848743
0.0018233421724289656
0.0012556046713143587
0.0008651735843159258
0.0006023351452313364
0.0005412878235802054
0.002929023001343012
0.053647853434085846
0.5994657874107361
0.8429052829742432
0.8924996256828308
0.9058198928833008
0.909541666507721
0.9096876382827759
0.9078677296638489
0.9045499563217163
0.8998844027519226
0.8939257264137268
0.8867000937461853
0.8782253861427307
0.8685163259506226
0.8575870990753174
0.8454514741897583
0.8321231603622437
0.8176155686378479
0.8019421696662903
0.7851162552833557
0.7671510577201843
0.7480592727661133
0.7278538942337036
0.7065475583076477
0.6841529011726379
0.6606817841529846
0.6361380219459534
0.6104367971420288
0.5831502079963684
0.552819550037384
0.5140990614891052
0.4477132260799408
0.3397960662841797
0.2243751436471939
0.13741859793663025
0.09256529062986374
0.06229623407125473
0.04191035032272339
0.028187405318021774
0.018951481208205223
0.012737518176436424
0.008558178320527077
0.005748215597122908
0.0038595988880842924
0.0025906809605658054
0.0017386733088642359
0.001171960262581706
0.0008970539201982319
0.0027995239943265915
0.045248281210660934
0.5635309815406799
0.8320338726043701
0.8843437433242798
0.896051287651062
0.897020697593689
0.8940343260765076
0.8889703154563904
0.8824013471603394
0.8745154738426208
0.8653818368911743
0.8550308346748352
0.8434812426567078
0.8307480216026306
0.8168449997901917
0.8017858266830444
0.7855841517448425
0.768252432346344
0.749803900718689
0.730251133441925
0.7096067667007446
0.6878831386566162
0.6650916337966919
0.6412345170974731
0.6162367463111877
0.5897120833396912
0.5602951049804688
0.5229079127311707
0.4598735570907593
0.35559943318367004
0.242033451795578
0.14878244698047638
0.10226833075284958
0.07003363966941833
0.047966666519641876
0.0328594408929348
0.02251693233847618
0.015434669330716133
0.010583315044641495
0.007259050849825144
0.004980463534593582
0.0034181433729827404
0.00234661134891212
0.001611472456716001
0.0011069764150306582
0.0007607750012539327
0.0005254913703538477
0.00041327974759042263
0.0013391239335760474
0.022387990728020668
0.4141277074813843
0.8094400763511658
0.8853330016136169
0.904912531375885
0.9109942317008972
0.9125272035598755
0.9118207097053528
0.909528911113739
0.9058498740196228
0.9008536338806152
0.8945730328559875
0.8870295882225037
0.8782405853271484
0.86822110414505
0.8569855093955994
0.8445478081703186
0.8309217691421509
0.8161208629608154
0.8001584410667419
0.783048152923584
0.7648026943206787
0.7454347610473633
0.724957287311554
0.7033830285072327
0.6807242035865784
0.6569922566413879
0.632183849811554
0.6061729192733765
0.5784017443656921
0.5469467043876648
0.5044868588447571
0.42807653546333313
0.31581687927246094
0.202146977186203
0.12744243443012238
0.08604174107313156
0.05807117372751236
0.03917663171887398
0.02641923911869526
0.017810115590691566
0.01200243178755045
0.008085879497230053
0.005445530638098717
0.0036661450285464525
0.0024677389301359653
0.0016678086249157786
0.0012696438934653997
0.003783056978136301
0.06037507206201553
0.6121495366096497
0.8388054370880127
0.8836951851844788
0.8929354548454285
0.8922442197799683
0.8877928853034973
0.881328821182251
0.8733896017074585
0.8641510605812073
0.8536777496337891
0.8419999480247498
0.8291372060775757
0.8151050806045532
0.7999178767204285
0.7835888266563416
0.7661307454109192
0.7475564479827881
0.7278785109519958
0.7071094512939453
0.6852616667747498
0.6623465418815613
0.6383645534515381
0.6132265329360962
0.5865028500556946
0.5566980242729187
0.518230140209198
0.45205163955688477
0.34556087851524353
0.2320789247751236
0.1443367898464203
0.09831360727548599
0.0671752318739891
0.04590447247028351
0.031379587948322296
0.02145705185830593
0.014676456339657307
0.01004156842827797
0.00687239458784461
0.004704820923507214
0.0032218804117292166
0.0022070312406867743
0.0015123113989830017
0.0010365948546677828
0.0007107557030394673
0.00048773919115774333
0.00033973436802625656
0.000336075754603371
0.002324227476492524
0.044273316860198975
0.5701785087585449
0.8391755819320679
0.8939134478569031
0.909504234790802
0.9150402545928955
0.9169018268585205
0.9167656898498535
0.9151154160499573
0.912100613117218
0.907774031162262
0.9021611213684082
0.8952798247337341
0.8871461153030396
0.8777750134468079
0.8671808242797852
0.8553776144981384
0.8423795104026794
0.8282001614570618
0.812853217124939
0.796352207660675
0.7787104249000549
0.759940505027771
0.7400554418563843
0.7190681099891663
0.6969907879829407
0.6738357543945312
0.6496127247810364
0.6242973208427429
0.5976648926734924
0.5688518285751343
0.5347890853881836
0.483619749546051
0.39078131318092346
0.2755550146102905
0.16799594461917877
0.11173764616250992
0.07556746900081635
0.05109125003218651
0.034532226622104645
0.02333356812596321
0.015761815011501312
0.010643751360476017
0.007185311522334814
0.004849085118621588
0.003271601628512144
0.0022100976202636957
0.0015608350513502955
0.0024383943527936935
0.02882211282849312
0.46485304832458496
0.8113958239555359
0.8764730095863342
0.8898762464523315
0.890066921710968
0.8856514096260071
0.8789902925491333
0.8707887530326843
0.8612680435180664
0.8505051136016846
0.8385335803031921
0.8253738284111023
0.811042070388794
0.7955533862113953
0.7789217233657837
0.7611609101295471
0.7422841191291809
0.7223047018051147
0.7012354135513306
0.6790888905525208
0.6558760404586792
0.6315879821777344
0.606081485748291
0.5787652134895325
0.5475987195968628
0.5047985911369324
0.4274848997592926
0.31605565547943115
0.20419439673423767
0.12997588515281677
0.08868356049060822
0.06050927937030792
0.041294801980257034
0.028188686817884445
0.01924709789454937
0.013145548291504383
0.00898082833737135
0.006137290969491005
0.004195280838757753
0.0028686050791293383
0.00196203519590199
0.0013423629570752382
0.0009186751558445394
0.0006289159064181149
0.00043092924170196056
0.00030036221141926944
0.00031006053905002773
0.0023190181236714125
0.043977901339530945
0.5688776969909668
0.8391768336296082
0.8944053649902344
0.9101545214653015
0.9158979654312134
0.9179848432540894
0.9180903434753418
0.9166899919509888
0.9139301180839539
0.9098622798919678
0.9045107960700989
0.89789217710495
0.8900211453437805
0.8809118866920471
0.8705779910087585
0.8590334057807922
0.8462918400764465
0.832366943359375
0.8172721266746521
0.8010208010673523
0.7836263179779053
0.7651013731956482
0.7454587817192078
0.7247113585472107
0.7028714418411255
0.679951548576355
0.6559621095657349
0.6308940649032593
0.6045932173728943
0.5764021277427673
0.5439896583557129
0.4983759820461273
0.4153084456920624
0.3015405535697937
0.19001761078834534
0.12246900051832199
0.08298128843307495
0.05620136484503746
0.03805500641465187
0.025759905576705933
0.017432084307074547
0.01179285068064928
0.00797537062317133
0.005391985643655062
0.003644741140305996
0.0024720223154872656
0.0018533499678596854
0.004859273787587881
0.07421781867742538
0.6426708698272705
0.8432137966156006
0.8819568157196045
0.8885971903800964
0.886073112487793
0.8800027966499329
0.8719902038574219
0.862532913684845
0.8517971634864807
0.8398451209068298
0.826705813407898
0.8123977184295654
0.7969356775283813
0.7803332805633545
0.7626032829284668
0.7437587976455688
0.7238125205039978
0.7027769684791565
0.6806645393371582
0.6574864983558655
0.633239209651947
0.6078030467033386
0.5806624889373779
0.5500770807266235
0.5095064043998718
0.4376124143600464
0.32804083824157715
0.21490591764450073
0.13476240634918213
0.09168750047683716
0.0623960942029953
0.04247984290122986
0.02892995811998844
0.019707586616277695
0.013429075479507446
0.009153476916253567
0.0062409681268036366
0.004256430547684431
0.0029038109350949526
0.0019816244021058083
0.0013527122791856527
0.0009236803743988276
0.000630916329100728
0.00043108832323923707
0.0002948347828350961
0.0002055523218587041
0.0002210199018009007
0.001780236721970141
0.03447679430246353
0.5184371471405029
0.8299888372421265
0.8929153084754944
0.91135174036026
0.9187076687812805
0.9221087098121643
0.9234275817871094
0.9231954216957092
0.9215755462646484
0.918626070022583
0.9143747091293335
0.908840537071228
0.9020395874977112
0.8939871191978455
0.8846975564956665
0.8741849660873413
0.8624632358551025
0.8495462536811829
0.8354474902153015
0.8201802968978882
0.8037582635879517
0.7861944437026978
0.7675015330314636
0.7476924061775208
0.7267797589302063
0.7047760486602783
0.681693434715271
0.6575421094894409
0.6323115229606628
0.6058433055877686
0.5774464011192322
0.5446075797080994
0.4977065324783325
0.41253921389579773
0.29850807785987854
0.18803493678569794
0.12198835611343384
0.08292488753795624
0.05632898956537247
0.03825291991233826
0.02596989832818508
0.01762494631111622
0.0119572589173913
0.00810935813933611
0.005498123355209827
0.0037312908098101616
0.002624788088724017
0.00366262742318213
0.03949106112122536
0.5288070440292358
0.8205065131187439
0.8752632141113281
0.8849714994430542
0.8826176524162292
0.8759158849716187
0.8670473694801331
0.8566784858703613
0.8450248837471008
0.8321627378463745
0.8181248903274536
0.8029302954673767
0.7865935564041138
0.7691274881362915
0.7505450248718262
0.7308589816093445
0.7100818753242493
0.6882261633872986
0.6653041243553162
0.6413228511810303
0.6162286996841431
0.5897053480148315
0.5606778860092163
0.5254098773002625
0.4695912301540375
0.37107133865356445
0.2564252018928528
0.1542890965938568
0.10489001125097275
0.07113416492938995
0.048262398689985275
0.03275187313556671
0.02223280631005764
0.01509686280041933
0.01025465689599514
0.006967904511839151
0.0047362251207232475
0.003220417769625783
0.0021904956083744764
0.0014904702547937632
0.0010145084233954549
0.0006907802890054882
0.00047051924047991633
0.00032061972888186574
0.00021888568880967796
0.00015620182966813445
0.00024781035608612
0.0030475081875920296
0.06093602254986763
0.6249489188194275
0.8505526185035706
0.8989518880844116
0.9143099784851074
0.9209147691726685
0.9241855144500732
0.9255552291870117
0.9254342913627625
0.9239475727081299
0.9211398363113403
0.9170340895652771
0.9116470217704773
0.9049936532974243
0.8970886468887329
0.8879460692405701
0.8775796294212341
0.8660032153129578
0.8532305955886841
0.8392752408981323
0.8241505026817322
0.8078700304031372
0.7904466986656189
0.7718934416770935
0.7522230744361877
0.7314482927322388
0.7095816731452942
0.6866351962089539
0.6626192927360535
0.637527585029602
0.6112338304519653
0.5831379294395447
0.5510181784629822
0.5064626336097717
0.4264925718307495
0.3138900697231293
0.20242352783679962
0.12951858341693878
0.08838444948196411
0.060265686362981796
0.04108239710330963
0.02799644134938717
0.019071979448199272
0.012987739406526089
0.008841312490403652
0.00601789727807045
0.004122728481888771
0.0033722047228366137
0.013335860334336758
0.23067286610603333
0.7559447884559631
0.8608549237251282
0.8806091547012329
0.8805588483810425
0.8741140365600586
0.8648657202720642
0.8539139628410339
0.8416187763214111
0.8281042575836182
0.8134180307388306
0.7975834012031555
0.7806150913238525
0.7625257968902588
0.7433279156684875
0.7230333089828491
0.701654314994812
0.6792029738426208
0.6556907296180725
0.6311161518096924
0.605360746383667
0.5779157876968384
0.5471364855766296
0.5070623755455017
0.4369625747203827
0.32793083786964417
0.21377073228359222
0.13263094425201416
0.08952666819095612
0.060471728444099426
0.0408608578145504
0.027619004249572754
0.018674209713935852
0.012630360201001167
0.008545385673642159
0.005783527158200741
0.0039156218990683556
0.0026519009843468666
0.001796653144992888
0.0012176523450762033
0.0008255364955402911
0.0005598930874839425
0.00037986700772307813
0.00025782137527130544
0.00017506923177279532
0.00011926540901185945
8.819068170851097e-05
0.00020525770378299057
0.0031092616263777018
0.06292320787906647
0.6298885941505432
0.852255642414093
0.9011698365211487
0.9175382852554321
0.9254012107849121
0.929996132850647
0.932693362236023
0.9338778853416443
0.9336718320846558
0.9321243166923523
0.9292612075805664
0.9251013398170471
0.9196608066558838
0.9129546284675598
0.9049974679946899
0.8958035707473755
0.8853868246078491
0.8737611770629883
0.8609403967857361
0.8469379544258118
0.831767201423645
0.8154418468475342
0.7979749441146851
0.7793791890144348
0.7596674561500549
0.7388525009155273
0.7169467806816101
0.6939623951911926
0.6699098944664001
0.6447885036468506
0.6185107231140137
0.5906018614768982
0.559245765209198
0.5176129937171936
0.4450940787792206
0.3353060483932495
0.22258135676383972
0.14022620022296906
0.09584097564220428
0.06558199226856232
0.04485658183693886
0.030671220272779465
0.020965127274394035
0.014325558207929134
0.00978595856577158
0.006695680785924196
0.004833535756915808
0.008432886563241482
0.1062072291970253
0.6812628507614136
0.8441502451896667
0.8744218945503235
0.8762056231498718
0.8693680763244629
0.8590731620788574
0.8468800187110901
0.8332880735397339
0.8184654712677002
0.8024752140045166
0.7853456139564514
0.7670937776565552
0.7477335333824158
0.7272777557373047
0.7057384848594666
0.6831279993057251
0.6594580411911011
0.6347330808639526
0.6088680028915405
0.5814427137374878
0.551091194152832
0.5130705237388611
0.4496661126613617
0.3443455398082733
0.22931209206581116
0.13941356539726257
0.09378105401992798
0.06311323493719101
0.04249155521392822
0.028615813702344894
0.019277160987257957
0.012990254908800125
0.008756449446082115
0.005904361605644226
0.003982478752732277
0.0026870244182646275
0.0018135508289560676
0.0012244181707501411
0.0008269389509223402
0.0005586791667155921
0.0003775708610191941
0.0002552603546064347
0.00017263178597204387
0.00011680617171805352
7.93598301243037e-05
5.999832137604244e-05
0.00016875850269570947
0.002738281385973096
0.05572156608104706
0.6131210327148438
0.850698709487915
0.9021917581558228
0.9197285175323486
0.9283895492553711
0.933728039264679
0.9371716380119324
0.939113974571228
0.9396761059761047
0.9389024376869202
0.9368146657943726
0.9334287643432617
0.9287588000297546
0.9228184819221497
0.9156216979026794
0.9071823954582214
0.8975138664245605
0.8866299390792847
0.8745442032814026
0.8612701296806335
0.846821129322052
0.8312104940414429
0.8144516348838806
0.7965572476387024
0.7775401473045349
0.7574130296707153
0.7361886501312256
0.7138792872428894
0.6904966831207275
0.6660502552986145
0.6405304074287415
0.6138012409210205
0.5852060914039612
0.5522534251213074
0.5057117938995361
0.4227570593357086
0.30990785360336304
0.20002098381519318
0.12927477061748505
0.08869737386703491
0.06082278862595558
0.041701026260852814
0.028580322861671448
0.019581438973546028
0.01341240108013153
0.00919195543974638
0.006449212785810232
0.007492435164749622
0.06534561514854431
0.6137619018554688
0.8306710124015808
0.8700541257858276
0.8734255433082581
0.8664348125457764
0.8554785251617432
0.8424511551856995
0.8279641270637512
0.8122279644012451
0.7953212261199951
0.777278482913971
0.7581195831298828
0.7378591895103455
0.7165102362632751
0.6940850019454956
0.6705955862998962
0.6460525989532471
0.6204321384429932
0.5935047268867493
0.5644413232803345
0.5305368900299072
0.48145583271980286
0.39205336570739746
0.2775515913963318
0.16745615005493164
0.11038456112146378
0.07414162904024124
0.04981999844312668
0.03348416090011597
0.02250993624329567
0.015136021189391613
0.010180134326219559
0.006848604883998632
0.004608513787388802
0.0031019365414977074
0.002088434062898159
0.0014064577408134937
0.0009474417311139405
0.0006384104490280151
0.0004302995221223682
0.00029011283186264336
0.00019565460388548672
0.00013199090608395636
8.908029121812433e-05
6.0356400354066864e-05
4.5335957111092284e-05
0.00012429564958438277
0.0020115545485168695
0.04101767763495445
0.5573800206184387
0.8409207463264465
0.9000910520553589
0.9196223020553589
0.9292886853218079
0.9354281425476074
0.9396236538887024
0.9422982335090637
0.9435780644416809
0.9435098171234131
0.9421170949935913
0.9394171833992004
0.9354250431060791
0.9301551580429077
0.9236215353012085
0.9158385396003723
0.9068198800086975
0.896579384803772
0.8851305246353149
0.8724870085716248
0.8586620688438416
0.843669056892395
0.8275213837623596
0.8102319240570068
0.7918134927749634
0.7722788453102112
0.7516406178474426
0.7299113273620605
0.7071031332015991
0.6832273602485657
0.6582901477813721
0.6322594881057739
0.6048848032951355
0.575101375579834
0.5388996601104736
0.48227933049201965
0.38449952006340027
0.27040281891822815
0.1679847538471222
0.11382963508367538
0.07816117256879807
0.05366925150156021
0.03684254735708237
0.02528459206223488
0.017348024994134903
0.011900295503437519
0.008174133487045765
0.005865013692528009
0.009119080379605293
0.10645594447851181
0.6811380982398987
0.8437455892562866
0.8730931878089905
0.8738710284233093
0.8660475611686707
0.8547836542129517
0.8416399359703064
0.8271158933639526
0.811378002166748
0.7944859862327576
0.7764651775360107
0.7573304176330566
0.7370942234992981
0.7157680988311768
0.6933639645576477
0.6698935627937317
0.6453672647476196
0.619758665561676
0.5928298234939575
0.5637283325195312
0.5296651124954224
0.47994711995124817
0.3894241750240326
0.2747024893760681
0.1651780754327774
0.10923571139574051
0.07335241138935089
0.04926734417676926
0.0330958254635334
0.022236069664359093
0.01494230329990387
0.010042846202850342
0.006751181557774544
0.004539285320788622
0.003052673302590847
0.0020533334463834763
0.0013814227422699332
0.000929573317989707
0.000625652086455375
0.00042118842247873545
0.00028360678697936237
0.00019101078214589506
0.00012869818601757288
8.716731827007607e-05
6.7858440161217e-05
0.00023175467504188418
0.003970596939325333
0.0813576728105545
0.6683309078216553
0.8604511618614197
0.903967022895813
0.9192187190055847
0.9268121719360352
0.9313744902610779
0.9341164231300354
0.9353837370872498
0.9352818131446838
0.9338495135307312
0.9311068058013916
0.9270696640014648
0.9217526912689209
0.9151707291603088
0.9073382019996643
0.8982695937156677
0.8879787921905518
0.8764796257019043
0.8637859225273132
0.8499112725257874
0.8348689675331116
0.8186726570129395
0.8013352751731873
0.7828695774078369
0.7632884979248047
0.7426047325134277
0.7208306193351746
0.6979784369468689
0.6740584969520569
0.6490702033042908
0.6229372620582581
0.5952273011207581
0.5642508268356323
0.52371746301651
0.4544266164302826
0.3466419279575348
0.23396050930023193
0.14683760702610016
0.10081583261489868
0.06931654363870621
0.047646962106227875
0.032744649797677994
0.02249840460717678
0.015454811975359917
0.01061394065618515
0.007288506720215082
0.005020121578127146
0.003776048542931676
0.009086870588362217
0.13399697840213776
0.7117174863815308
0.8527745604515076
0.8792131543159485
0.8808504343032837
0.8748353123664856
0.8656612634658813
0.8546838164329529
0.8423279523849487
0.8287325501441956
0.8139492869377136
0.7980038523674011
0.780913770198822
0.7626932859420776
0.7433562278747559
0.7229160070419312
0.7013857364654541
0.6787780523300171
0.6551054120063782
0.6303686499595642
0.6044549942016602
0.576869547367096
0.546036422252655
0.5064201951026917
0.43805941939353943
0.3294627070426941
0.21434739232063293
0.13157111406326294
0.08822344988584518
0.05917460843920708
0.03969179093837738
0.026627101004123688
0.017865518108010292
0.011988772079348564
0.008046426810324192
0.005401358939707279
0.0036264020018279552
0.0024351326283067465
0.001635475317016244
0.0010986040579155087
0.0007381009054370224
0.0004959857324138284
0.00033335230546072125
0.00022409566736314446
0.00015081706806086004
0.00010432945418870077
0.00012886470358353108
0.0012807452585548162
0.025308450683951378
0.44853097200393677
0.8177291750907898
0.8910346627235413
0.9123169779777527
0.9211385846138
0.9257208704948425
0.9281598925590515
0.929025411605835
0.928488552570343
0.926611065864563
0.9234224557876587
0.9189426898956299
0.913188099861145
0.9061740636825562
0.8979150056838989
0.8884250521659851
0.877717912197113
0.8658074736595154
0.8527072668075562
0.8384308218955994
0.8229913711547852
0.8064025044441223
0.788676917552948
0.7698274850845337
0.7498669624328613
0.7288080453872681
0.7066629528999329
0.6834427714347839
0.6591528654098511
0.6337586045265198
0.6070117354393005
0.5778670907020569
0.5424407720565796
0.4873984158039093
0.3916222155094147
0.27784159779548645
0.17453518509864807
0.11760210245847702
0.08099351823329926
0.05579322576522827
0.03842717781662941
0.026461126282811165
0.018216902390122414
0.012538318522274494
0.008628123439848423
0.005941225681453943
0.0041932351887226105
0.004990008193999529
0.0448535718023777
0.5510008931159973
0.8233413100242615
0.8739468455314636
0.8817088007926941
0.8778666257858276
0.8697883486747742
0.8595611453056335
0.8478313684463501
0.8348143100738525
0.8205889463424683
0.8051908016204834
0.7886415719985962
0.7709571719169617
0.7521517872810364
0.7322387099266052
0.7112307548522949
0.689140260219574
0.6659794449806213
0.641758382320404
0.6164417862892151
0.5897645950317383
0.5608237385749817
0.5267296433448792
0.4765067398548126
0.3849148452281952
0.2699369192123413
0.1605938971042633
0.10659158229827881
0.07134544104337692
0.04775317385792732
0.03196636587381363
0.02140193246304989
0.014330892823636532
0.009597393684089184
0.006428287830203772
0.004306273069232702
0.0028851835522800684
0.0019333562813699245
0.001295739784836769
0.0008685445645824075
0.000582285167183727
0.000390436063753441
0.00026184163289144635
0.00017566667520441115
0.00011859385267598554
9.460870205657557e-05
0.0003676479682326317
0.00640326552093029
0.1295512467622757
0.7229508757591248
0.8703137636184692
0.9054520130157471
0.9179583787918091
0.9239571690559387
0.9272088408470154
0.9287086725234985
0.9287498593330383
0.9274284839630127
0.9247846007347107
0.9208412766456604
0.9156160354614258
0.9091242551803589
0.9013808965682983
0.892400324344635
0.8821963667869568
0.8707830309867859
0.8581741452217102
0.8443833589553833
0.8294241428375244
0.8133100271224976
0.796053946018219
0.7776690125465393
0.7581678628921509
0.7375633716583252
0.7158678770065308
0.6930931210517883
0.6692472696304321
0.6443171501159668
0.6181653141975403
0.5901368260383606
0.5577581524848938
0.5122010111808777
0.43174684047698975
0.3200545012950897
0.21043311059474945
0.1357053518295288
0.09363626688718796
0.06466119736433029
0.04463913291692734
0.030809888616204262
0.02125929854810238
0.014665467664599419
0.010114368982613087
0.006974536459892988
0.004820337053388357
0.0035675365943461657
0.007297934498637915
0.10076014697551727
0.6809704303741455
0.8474195003509521
0.8792961835861206
0.882941722869873
0.8781411647796631
0.8699448108673096
0.859859824180603
0.8483594655990601
0.8355973958969116
0.8216298818588257
0.8064841628074646
0.7901789546012878
0.7727304697036743
0.7541525959968567
0.7344592809677124
0.7136640548706055
0.6917799115180969
0.6688196659088135
0.6447949409484863
0.6196848154067993
0.5932750701904297
0.5648030638694763
0.5318801999092102
0.4856965243816376
0.4012368619441986
0.2871546447277069
0.1743609607219696
0.11261927336454391
0.07520899921655655
0.050237081944942474
0.03355526179075241
0.0224152822047472
0.01497550681233406
0.010006270371377468
0.006686771288514137
0.0044690570794045925
0.002987253712490201
0.001997040817514062
0.0013352491660043597
0.0008928942843340337
0.0005971755017526448
0.00039945667958818376
0.00026724228519015014
0.000178826623596251
0.000119871947390493
8.418469224125147e-05
0.00013619998935610056
0.001712348312139511
0.03431075066328049
0.5186465978622437
0.8313033580780029
0.8949440717697144
0.9141752123832703
0.9225652813911438
0.9271280765533447
0.929652988910675
0.930633544921875
0.9302218556404114
0.9284730553627014
0.925413966178894
0.921063244342804
0.9154366254806519
0.9085490107536316
0.9004151225090027
0.8910492062568665
0.8804649114608765
0.868676483631134
0.8556975722312927
0.8415417671203613
0.8262225985527039
0.80975341796875
0.792147159576416
0.7734168171882629
0.7535750865936279
0.7326347231864929
0.7106080055236816
0.6875061988830566
0.6633347272872925
0.6380640864372253
0.6114763617515564
0.5826249122619629
0.5479956865310669
0.4955645203590393
0.4036679267883301
0.2903873324394226
0.1852533519268036
0.12340042740106583
0.08531980961561203
0.05898675695061684
0.040770333260297775
0.028172357007861137
0.01946292817592621
0.013443362899124622
0.009284086525440216
0.006417366676032543
0.004570770543068647
0.005910246167331934
0.058354102075099945
0.6032734513282776
0.8331184983253479
0.8755207061767578
0.881118893623352
0.8763166666030884
0.8675967454910278
0.8568355441093445
0.8446109294891357
0.8311131000518799
0.8164121508598328
0.8005408644676208
0.7835196852684021
0.7653641700744629
0.7460882663726807
0.7257053256034851
0.7042282223701477
0.6816695332527161
0.6580416560173035
0.6333505511283875
0.6075148582458496
0.5801254510879517
0.5498762726783752
0.5124186277389526
0.45126333832740784
0.3470965027809143
0.23114898800849915
0.1384885013103485
0.09241804480552673
0.06165406107902527
0.04113259166479111
0.027442993596196175
0.018310751765966415
0.012218712829053402
0.00815441645681858
0.00544263469055295
0.0036330840084701777
0.002425453159958124
0.0016194316558539867
0.0010813982225954533
0.0007222091662697494
0.00048238699673675
0.0003222437808290124
0.00021529362129513174
0.00014386407565325499
9.625601524021477e-05
6.662966916337609e-05
9.116705768974498e-05
0.0010147095890715718
0.020259827375411987
0.39212217926979065
0.8077470064163208
0.8900039196014404
0.9135618209838867
0.9236425757408142
0.9292883276939392
0.9327237606048584
0.9345648288726807
0.9349946975708008
0.9340774416923523
0.931842029094696
0.9283078908920288
0.9234908223152161
0.9174058437347412
0.9100674390792847
0.9014900326728821
0.8916873931884766
0.8806734085083008
0.8684618473052979
0.8550664186477661
0.8405003547668457
0.824777364730835
0.8079103231430054
0.7899121046066284
0.7707955241203308
0.7505732178688049
0.7292578220367432
0.7068613171577454
0.6833946704864502
0.6588611006736755
0.633217453956604
0.6061775088310242
0.5765513181686401
0.5399302840232849
0.48175087571144104
0.3829171061515808
0.26958167552948
0.16892150044441223
0.11508172005414963
0.07955216616392136
0.054973993450403214
0.0379810705780983
0.02623666450381279
0.018121376633644104
0.012514605186879635
0.008643513545393944
0.006011826451867819
0.005020288284868002
0.02058054879307747
0.3488430678844452
0.7836833000183105
0.8648341298103333
0.8787981867790222
0.8760745525360107
0.8677175641059875
0.8568109273910522
0.8442907333374023
0.8304563164710999
0.8154106736183167
0.7991952896118164
0.781832754611969
0.7633388042449951
0.743727445602417
0.7230122685432434
0.7012061476707458
0.6783216595649719
0.6543710231781006
0.6293550729751587
0.6031575202941895
0.5752675533294678
0.5440675020217896
0.5039302110671997
0.43458059430122375
0.32520508766174316
0.20961850881576538
0.1283845156431198
0.08572033047676086
0.05723664537072182
0.03821171075105667
0.025510309264063835
0.017032019793987274
0.01137224119156599
0.007593770045787096
0.005071100313216448
0.0033867396414279938
0.0022620244417339563
0.0015109486412256956
0.0010093455202877522
0.0006743240519426763
0.00045054388465359807
0.00030105520272627473
0.0002011863252846524
0.00013447627134155482
9.022107406053692e-05
6.714119808748364e-05
0.00018397746316622943
0.0029556071385741234
0.05974748730659485
0.6230736374855042
0.8519861698150635
0.9012141823768616
0.9175499081611633
0.925281286239624
0.9297693967819214
0.9323864579200745
0.9335150718688965
0.9332715272903442
0.9316991567611694
0.9288203716278076
0.9246518015861511
0.9192082285881042
0.9125041365623474
0.9045539498329163
0.8953712582588196
0.88496994972229
0.8733640909194946
0.8605670928955078
0.8465926647186279
0.8314542174339294
0.8151652216911316
0.7977385520935059
0.7791870832443237
0.7595235705375671
0.7387607097625732
0.7169108390808105
0.6939857602119446
0.6699942946434021
0.6449261903762817
0.6186558604240417
0.5905681848526001
0.5583181977272034
0.5134271383285522
0.43435725569725037
0.32312148809432983
0.21316680312156677
0.13704417645931244
0.0946267694234848
0.06534706801176071
0.045123107731342316
0.03115500509738922
0.02150833047926426
0.01484675146639347
0.010247236117720604
0.007073013577610254
0.00490562105551362
0.00387731590308249
0.012407923117280006
0.20198361575603485
0.7486316561698914
0.8598507046699524
0.8808132410049438
0.8810201287269592
0.8745841383934021
0.8652838468551636
0.8542617559432983
0.8418786525726318
0.8282564282417297
0.8134428858757019
0.7974629402160645
0.7803342342376709
0.7620711922645569
0.7426872849464417
0.7221958637237549
0.7006097435951233
0.6779416799545288
0.6542038321495056
0.6293970942497253
0.6034058332443237
0.5757268071174622
0.5447707176208496
0.5050182342529297
0.4364621341228485
0.32746586203575134
0.21187052130699158
0.12967528402805328
0.08659382909536362
0.057844940572977066
0.038637254387140274
0.02580837719142437
0.017239803448319435
0.011516591534018517
0.00769372982904315
0.005140101071447134
0.003434227081015706
0.0022946156095713377
0.0015332595212385058
0.0010245837038382888
0.0006847097538411617
0.0004576086066663265
0.00030585253261961043
0.00020444620167836547
0.00013684469740837812
9.509911615168676e-05
0.00013671416672877967
0.0015767207369208336
0.03136245161294937
0.49736952781677246
0.8280031681060791
0.8939105272293091
0.9135252237319946
0.9217889904975891
0.9260736703872681
0.9282888174057007
0.9289671182632446
0.9282668232917786
0.9262403249740601
0.9229116439819336
0.918297529220581
0.9124129414558411
0.905272364616394
0.8968903422355652
0.8872803449630737
0.8764563798904419
0.8644322156906128
0.8512215614318848
0.8368378281593323
0.8212944865226746
0.8046049475669861
0.7867817878723145
0.7678380608558655
0.7477865219116211
0.7266396880149841
0.7044097185134888
0.6811074614524841
0.6567355990409851
0.6312454342842102
0.6043285131454468
0.5747279524803162
0.5378031134605408
0.47836440801620483
0.3781529366970062
0.2648521363735199
0.16539207100868225
0.11319663375616074
0.07819680124521255
0.05401458591222763
0.03730526193976402
0.025761576369404793
0.01778753101825714
0.012280035763978958
0.008476764895021915
0.0058518084697425365
0.004060481674969196
0.003237153636291623
0.010828783735632896
0.17523914575576782
0.7388991117477417
0.859737753868103
0.8829938173294067
0.8844863772392273
0.8791585564613342
0.870905876159668
0.8608986139297485
0.8495128154754639
0.836876392364502
0.8230400681495667
0.80802983045578
0.7918635606765747
0.7745563983917236
0.7561212778091431
0.7365712523460388
0.7159188985824585
0.6941767930984497
0.6713568568229675
0.6474707722663879
0.6225057244300842
0.5962803959846497
0.5681211352348328
0.5359244346618652
0.49207475781440735
0.4125959575176239
0.29946956038475037
0.18525123596191406
0.11735319346189499
0.078350730240345
0.052305132150650024
0.03491303697228432
0.023304488509893417
0.015556912869215012
0.010385743342339993
0.006933972705155611
0.00462974701076746
0.0030914570670574903
0.0020644315518438816
0.0013786994386464357
0.0009208120172843337
0.0006150422850623727
0.0004108398570679128
0.0002744670491665602
0.0001835849543567747
0.00012700741353910416
0.000172721003764309
0.0019003247143700719
0.037626199424266815
0.5383878350257874
0.8349546790122986
0.8950121402740479
0.9125589728355408
0.919610857963562
0.9229119420051575
0.9242085814476013
0.9239837527275085
0.9223835468292236
0.9194613695144653
0.9152437448501587
0.9097490906715393
0.9029932022094727
0.8949912786483765
0.8857576847076416
0.8753065466880798
0.8636519908905029
0.8508076071739197
0.8367870450019836
0.8216035962104797
0.8052706718444824
0.7878010272979736
0.7692074775695801
0.7495027780532837
0.7286995053291321
0.7068096399307251
0.6838443279266357
0.6598068475723267
0.6346567869186401
0.6081278920173645
0.5791149139404297
0.5435563921928406
0.4879405200481415
0.3919137716293335
0.27862057089805603
0.17610156536102295
0.11894826591014862
0.08227475732564926
0.05691198632121086
0.03935705125331879
0.027216380462050438
0.01881919614970684
0.013010967522859573
0.008993980474770069
0.006216537207365036
0.0043014963157474995
0.003080842550843954
0.004269820638000965
0.04514286667108536
0.5597646236419678
0.8277026414871216
0.8780385255813599
0.8868212699890137
0.8843873739242554
0.8778483271598816
0.8692038655281067
0.8590714931488037
0.8476523160934448
0.8350161910057068
0.8211926221847534
0.8061988353729248
0.7900492548942566
0.772756814956665
0.7543343305587769
0.734794557094574
0.7141502499580383
0.6924141645431519
0.6695986390113831
0.6457152962684631
0.6207483410835266
0.594502866268158
0.5662734508514404
0.5338788628578186
0.4894711971282959
0.40877753496170044
0.2953072488307953
0.18108691275119781
0.11523067951202393
0.07675491273403168
0.05112271383404732
0.034049712121486664
0.02268020249903202
0.015108554624021053
0.010065545327961445
0.00670635374262929
0.004468568135052919
0.0029777090530842543
0.0019843943882733583
0.0013225320726633072
0.0008814908214844763
0.0005875756614841521
0.0003916925343219191
0.0002611386589705944
0.00017421414668206125
0.00011823700333479792
0.00012065093324054033
0.0009259647340513766
0.017807938158512115
0.35800454020500183
0.7998719215393066
0.8863915205001831
0.9099915027618408
0.9189990758895874
0.9232935905456543
0.9253280758857727
0.9257715344429016
0.9248165488243103
0.9225271940231323
0.9189330339431763
0.9140533804893494
0.9079045653343201
0.9005019664764404
0.8918601870536804
0.8819935917854309
0.8709161877632141
0.8586418628692627
0.8451842069625854
0.8305567502975464
0.8147728443145752
0.7978459596633911
0.779788613319397
0.760613739490509
0.7403340339660645
0.7189619541168213
0.6965091228485107
0.6729840040206909
0.6483756899833679
0.6225669980049133
0.5949825048446655
0.5634397864341736
0.5202103853225708
0.4449740946292877
0.3352516293525696
0.22480787336826324
0.14370791614055634
0.09939973056316376
0.06886998564004898
0.0477091521024704
0.03304603323340416
0.022886738181114197
0.015848224982619286
0.010972670279443264
0.007596099283546209
0.005261891521513462
0.0037251038011163473
0.004241712391376495
0.036116618663072586
0.5082932710647583
0.8176117539405823
0.8747800588607788
0.8847748637199402
0.8823850750923157
0.8755211234092712
0.8664193749427795
0.8557773232460022
0.8438264727592468
0.8306509256362915
0.8162866234779358
0.8007541298866272
0.7840691804885864
0.7662457823753357
0.7472971081733704
0.7272359728813171
0.7060754299163818
0.6838279366493225
0.6605058312416077
0.6361180543899536
0.6106074452400208
0.5836391448974609
0.5541316270828247
0.5186493396759033
0.4641966223716736
0.36658188700675964
0.2506110370159149
0.14755100011825562
0.09808573126792908
0.06520409882068634
0.04334360733628273
0.028813885524868965
0.019156252965331078
0.012736582197248936
0.00846895296126604
0.005631724372506142
0.003745315596461296
0.0024909861385822296
0.0016568779246881604
0.001102164969779551
0.000733229739125818
0.0004878333711531013
0.00032459499198012054
0.00021600379841402173
0.00014385386020876467
9.780999243957922e-05
0.00010691522038541734
0.0009167409734800458
0.0178699754178524
0.3591972589492798
0.8000993132591248
0.8864179849624634
0.9104467630386353
0.919951856136322
0.9246976971626282
0.9271341562271118
0.9279511570930481
0.9273583889007568
0.9254279136657715
0.9221911430358887
0.9176674485206604
0.9118726849555969
0.9048218727111816
0.8965296149253845
0.8870096802711487
0.8762761354446411
0.8643428087234497
0.851223349571228
0.8369311690330505
0.8214797973632812
0.8048825860023499
0.7871522307395935
0.7683016657829285
0.7483435869216919
0.7272905111312866
0.7051545977592468
0.6819460391998291
0.657664954662323
0.6322535276412964
0.6053720116615295
0.5756527185440063
0.53813236951828
0.4772558808326721
0.37620994448661804
0.26349949836730957
0.1654011458158493
0.11367019265890121
0.07878378033638
0.05461328849196434
0.0378582589328289
0.026240607723593712
0.018185457214713097
0.012601306661963463
0.008731372654438019
0.00606114836409688
0.004442599602043629
0.00790445040911436
0.10138801485300064
0.6808888912200928
0.8469346761703491
0.8784191608428955
0.8812836408615112
0.8756265640258789
0.8665685057640076
0.8556150794029236
0.843245267868042
0.8296219110488892
0.814806342124939
0.7988275289535522
0.7817037105560303
0.7634485960006714
0.7440750002861023
0.7235952019691467
0.7020213603973389
0.679365336894989
0.6556392312049866
0.6308475136756897
0.6048959493637085
0.5773403644561768
0.5467869639396667
0.5086360573768616
0.44563955068588257
0.3399098217487335
0.22364546358585358
0.133994460105896
0.08904556930065155
0.059143535792827606
0.039289239794015884
0.026101257652044296
0.017341027036309242
0.011521692387759686
0.007655744906514883
0.005087319295853376
0.00338081200607121
0.002246899763122201
0.0014934054343029857
0.0009926673956215382
0.0006598765030503273
0.0004386875662021339
0.000291663920506835
0.00019393082766328007
0.00012896752741653472
8.596925181336701e-05
6.127221422502771e-05
0.00012393823999445885
0.0017748043173924088
0.0358613058924675
0.5288337469100952
0.8336668014526367
0.8962006568908691
0.9156119227409363
0.9243764281272888
0.9293840527534485
0.9323719143867493
0.9338213205337524
0.9338793158531189
0.9325997233390808
0.9300083518028259
0.926123321056366
0.9209601879119873
0.9145338535308838
0.9068589210510254
0.8979495763778687
0.8878197073936462
0.8764830827713013
0.863953709602356
0.85024493932724
0.8353703618049622
0.8193433880805969
0.8021769523620605
0.7838839888572693
0.7644772529602051
0.7439696192741394
0.7223733067512512
0.6997002363204956
0.6759597063064575
0.6511463522911072
0.6251676082611084
0.5975360870361328
0.5663586258888245
0.5248052477836609
0.4536213278770447
0.3456360101699829
0.23428939282894135
0.14814531803131104
0.10263381153345108
0.07109561562538147
0.049234144389629364
0.0340927354991436
0.023606127128005028
0.016343479976058006
0.011314598843455315
0.007840422913432121
0.005590540822595358
0.007088092155754566
0.068229541182518
0.6224859356880188
0.8345524072647095
0.8736627101898193
0.8778787851333618
0.8720160126686096
0.8622673749923706
0.8504688739776611
0.8372082114219666
0.822684109210968
0.8069687485694885
0.7900941371917725
0.7720791697502136
0.7529382705688477
0.7326849102973938
0.7113320231437683
0.688892126083374
0.6653775572776794
0.6407991647720337
0.6151207685470581
0.5880669355392456
0.5587003231048584
0.5240451097488403
0.47289034724235535
0.3798651397228241
0.2642118036746979
0.15495918691158295
0.10304749011993408
0.06855041533708572
0.0455961599946022
0.03032699227333069
0.020171543583273888
0.01341724582016468
0.008924847468733788
0.00593680702149868
0.003949313424527645
0.002627293113619089
0.001747896778397262
0.0011629071086645126
0.0007737447740510106
0.0005148436175659299
0.00034259347012266517
0.0002279872278450057
0.00015173188876360655
0.000101032383099664
6.815722736064345e-05
6.380976992659271e-05
0.0004181746917311102
0.007957139983773232
0.16092424094676971
0.7455487847328186
0.8763947486877441
0.9090834259986877
0.9215136766433716
0.928027331829071
0.9319750070571899
0.9342369437217712
0.9350633025169373
0.9345343708992004
0.9326835870742798
0.9295313358306885
0.9250938296318054
0.9193861484527588
0.9124228954315186
0.9042184948921204
0.8947867751121521
0.8841415047645569
0.8722964525222778
0.8592652678489685
0.8450612425804138
0.8296977281570435
0.8131879568099976
0.7955446243286133
0.7767805457115173
0.7569084763526917
0.7359408140182495
0.7138898968696594
0.6907672882080078
0.6665799021720886
0.6413078904151917
0.614777684211731
0.5861980319023132
0.5525962114334106
0.5035359263420105
0.4169110059738159
0.3042837083339691
0.19697393476963043
0.12929077446460724
0.08939419686794281
0.061842069029808044
0.042771730571985245
0.029577260836958885
0.020451921969652176
0.01414098683744669
0.009776666760444641
0.006761199329048395
0.004725689999759197
0.004295445047318935
0.02334449626505375
0.3951030373573303
0.7955979108810425
0.8691592812538147
0.8821650147438049
0.8798976540565491
0.872384250164032
0.8624268174171448
0.8508757948875427
0.838004469871521
0.8239099383354187
0.8086327910423279
0.7921956777572632
0.7746152281761169
0.7559054493904114
0.7360796332359314
0.7151509523391724
0.6931319236755371
0.6700352430343628
0.6458724737167358
0.620627224445343
0.5940989255905151
0.5655568242073059
0.5327184796333313
0.48726940155029297
0.40442976355552673
0.29032862186431885
0.17647171020507812
0.11310534179210663
0.07529264688491821
0.050115618854761124
0.03335835412144661
0.022204700857400894
0.014780839905142784
0.009839443489909172
0.006550292484462261
0.0043608443811535835
0.00290336343459785
0.001933101681061089
0.001287158695049584
0.0008571070502512157
0.0005707750096917152
0.0003801222483161837
0.0002531706995796412
0.00016865906945895404
0.00011295313743175939
8.744980732444674e-05
0.0003054098633583635
0.005247023422271013
0.10678567737340927
0.7001610398292542
0.8656191825866699
0.9041626453399658
0.9173812866210938
0.9235108494758606
0.9267516136169434
0.9282211661338806
0.9282364249229431
0.926897406578064
0.9242429137229919
0.9202944040298462
0.9150683879852295
0.9085800051689148
0.9008440971374512
0.8918746709823608
0.8816856741905212
0.8702908754348755
0.8577040433883667
0.8439385890960693
0.8290079236030579
0.8129255175590515
0.795704185962677
0.7773568034172058
0.7578961253166199
0.7373348474502563
0.715685248374939
0.6929588913917542
0.6691636443138123
0.6442845463752747
0.6181777715682983
0.5901675224304199
0.5577104687690735
0.5118079781532288
0.430839866399765
0.3192925453186035
0.21017269790172577
0.1359328329563141
0.0940178707242012
0.06505881994962692
0.04501171037554741
0.031139574944972992
0.021540513262152672
0.0148990573361516
0.010304135270416737
0.0071256812661886215
0.004932134412229061
0.003513122210279107
0.004467094782739878
0.04317101836204529
0.5495946407318115
0.8248711228370667
0.8761933445930481
0.884971022605896
0.8821583390235901
0.8751174807548523
0.8659381866455078
0.8552530407905579
0.8432665467262268
0.8300538659095764
0.8156498074531555
0.8000754714012146
0.783348023891449
0.7654823064804077
0.7464922070503235
0.7263913154602051
0.7051926255226135
0.682908833026886
0.6595523357391357
0.6351314783096313
0.6095821857452393
0.5825503468513489
0.5529016852378845
0.5170078873634338
0.4611077606678009
0.36181285977363586
0.24577614665031433
0.14515526592731476
0.09653845429420471
0.06418799608945847
0.04268159344792366
0.028382083401083946
0.018874507397413254
0.012552750296890736
0.008348952047526836
0.005553338676691055
0.003694076556712389
0.002457464812323451
0.0016349278157576919
0.001087777316570282
0.0007237892714329064
0.00048163215979002416
0.00032051728339865804
0.00021332521282602102
0.0001422109198756516
9.920945012709126e-05
0.00015827445895411074
0.001985945040360093
0.03969845548272133
0.5487408638000488
0.8369224071502686
0.8956199288368225
0.9133167266845703
0.920747697353363
0.9244735240936279
0.9261967539787292
0.9263965487480164
0.9252200126647949
0.9227200150489807
0.9189227819442749
0.913846492767334
0.9075068235397339
0.8999185562133789
0.8910956382751465
0.881051778793335
0.8698005676269531
0.8573555946350098
0.843730092048645
0.8289374113082886
0.8129907846450806
0.7959032654762268
0.7776875495910645
0.7583562135696411
0.7379220724105835
0.7163972854614258
0.6937932372093201
0.6701164245605469
0.6453477144241333
0.619330883026123
0.5913491249084473
0.5587357878684998
0.5122769474983215
0.4306008815765381
0.31906381249427795
0.21044357120990753
0.13648557662963867
0.09464667737483978
0.06562288105487823
0.04549335688352585
0.03153367340564728
0.021854320541024208
0.0151444086804986
0.010493346489965916
0.007269907742738724
0.005041451193392277
0.0036055990494787693
0.004760360810905695
0.04811812937259674
0.5673787593841553
0.8284454941749573
0.8771864175796509
0.8852877020835876
0.8822912573814392
0.8751842975616455
0.8659695386886597
0.8552586436271667
0.8432507514953613
0.8300192952156067
0.8155983686447144
0.8000084757804871
0.7832659482955933
0.7653852701187134
0.7463797926902771
0.7262627482414246
0.705047070980072
0.6827453970909119
0.6593701839447021
0.6349301934242249
0.6093640923500061
0.5823249220848083
0.5527037382125854
0.517012357711792
0.46218404173851013
0.3641892075538635
0.2481621652841568
0.1459425836801529
0.09667615592479706
0.06410617381334305
0.04250873625278473
0.028189226984977722
0.01869487762451172
0.012399294413626194
0.008224455639719963
0.00545575562864542
0.0036194410640746355
0.002401417586952448
0.001593434950336814
0.001057407003827393
0.000701765704434365
0.000465784571133554
0.000309187889797613
0.0002052660274785012
0.0001364040799671784
9.298152144765481e-05
0.0001103504910133779
0.0010586536955088377
0.020807644352316856
0.39707815647125244
0.8084022402763367
0.8885365128517151
0.9110689163208008
0.9200439453125
0.9245585799217224
0.9268530011177063
0.9275532364845276
0.9268491864204407
0.9248073101043701
0.9214581251144409
0.9168218374252319
0.9109147191047668
0.9037518501281738
0.8953479528427124
0.8857166171073914
0.8748719692230225
0.8628276586532593
0.8495972156524658
0.8351942300796509
0.8196321725845337
0.8029242753982544
0.785083532333374
0.7661227583885193
0.7460546493530273
0.7248917818069458
0.7026458382606506
0.6793253421783447
0.6549221277236938
0.6293421387672424
0.6021096706390381
0.5713969469070435
0.5308085083961487
0.4623713493347168
0.3561810851097107
0.24478577077388763
0.15356650948524475
0.10736002027988434
0.07460372895002365
0.05184559151530266
0.036020562052726746
0.02502046711742878
0.01737743616104126
0.012067417614161968
0.008380929008126259
0.005865648854523897
0.005013430956751108
0.022058844566345215
0.3713078796863556
0.7897811532020569
0.8671691417694092
0.8805023431777954
0.8779832720756531
0.8700785040855408
0.8596788644790649
0.8476731777191162
0.8343481421470642
0.8198040127754211
0.8040829300880432
0.7872084379196167
0.7691974639892578
0.750063955783844
0.7298211455345154
0.7084817290306091
0.686057984828949
0.6625620126724243
0.6380040645599365
0.612341046333313
0.5852769613265991
0.5558338761329651
0.5209826827049255
0.46959999203681946
0.3763922154903412
0.2606712579727173
0.15112528204917908
0.10053987056016922
0.06652189791202545
0.04401845484972
0.029130296781659126
0.019279439002275467
0.01276105921715498
0.008447425439953804
0.005592538975179195
0.00370289059355855
0.002451995387673378
0.001623846939764917
0.0010755168041214347
0.0007124203839339316
0.00047195752267725766
0.000312692514853552
0.00020719575695693493
0.00013730835053138435
9.102644253289327e-05
6.079279773985036e-05
4.954508403898217e-05
0.00022084814554546028
0.003982700873166323
0.0812704861164093
0.6672214269638062
0.8599693179130554
0.9039318561553955
0.9194262027740479
0.9271796941757202
0.9318889379501343
0.9347675442695618
0.9361647963523865
0.9361919164657593
0.9348912239074707
0.9322839379310608
0.9283856749534607
0.9232103824615479
0.9167720079421997
0.9090847373008728
0.9001625180244446
0.8900188207626343
0.8786677718162537
0.8661230802536011
0.8523983359336853
0.8375070691108704
0.8214627504348755
0.8042784929275513
0.7859671711921692
0.766541600227356
0.7460145354270935
0.7243983745574951
0.7017048597335815
0.6779423356056213
0.6531015038490295
0.6270776987075806
0.5993440747261047
0.5678737163543701
0.525550901889801
